0.000000e+00  1.000000e+00  1.000000e+00  0.000000e+00 
1.000000e-03  9.899719e-01  9.839160e-01  6.055867e-03 
2.000000e-03  9.923714e-01  9.829160e-01  9.455432e-03 
3.000000e-03  9.434458e-01  9.306764e-01  1.276943e-02 
4.000000e-03  9.416778e-01  9.254202e-01  1.625767e-02 
5.000000e-03  9.412721e-01  9.252717e-01  1.600043e-02 
6.000000e-03  9.555433e-01  9.512235e-01  4.319747e-03 
7.000000e-03  9.767109e-01  9.734851e-01  3.225841e-03 
8.000000e-03  9.703999e-01  9.756033e-01  -5.203404e-03 
9.000000e-03  9.644629e-01  9.768570e-01  -1.239415e-02 
1.000000e-02  9.494099e-01  9.674309e-01  -1.802106e-02 
1.100000e-02  9.376742e-01  9.490340e-01  -1.135973e-02 
1.200000e-02  9.391412e-01  9.314059e-01  7.735312e-03 
1.300000e-02  1.004774e+00  9.924652e-01  1.230860e-02 
1.400000e-02  9.916284e-01  9.855059e-01  6.122509e-03 
1.500000e-02  1.047330e+00  1.056709e+00  -9.378342e-03 
1.600000e-02  1.043479e+00  1.044708e+00  -1.228983e-03 
1.700000e-02  1.058448e+00  1.052667e+00  5.780905e-03 
1.800000e-02  1.066031e+00  1.058306e+00  7.725315e-03 
1.900000e-02  1.120747e+00  1.111912e+00  8.834552e-03 
2.000000e-02  1.174000e+00  1.154614e+00  1.938590e-02 
2.100000e-02  1.193010e+00  1.180949e+00  1.206174e-02 
2.200000e-02  1.215673e+00  1.208152e+00  7.521438e-03 
2.300000e-02  1.180814e+00  1.165149e+00  1.566500e-02 
2.400000e-02  1.198773e+00  1.174105e+00  2.466777e-02 
2.500000e-02  1.194761e+00  1.164369e+00  3.039158e-02 
2.600000e-02  1.248499e+00  1.210416e+00  3.808319e-02 
2.700000e-02  1.218559e+00  1.174628e+00  4.393128e-02 
2.800000e-02  1.201677e+00  1.147141e+00  5.453574e-02 
2.900000e-02  1.191571e+00  1.128302e+00  6.326828e-02 
3.000000e-02  1.203799e+00  1.139750e+00  6.404914e-02 
3.100000e-02  1.202988e+00  1.143022e+00  5.996588e-02 
3.200000e-02  1.216453e+00  1.143714e+00  7.273869e-02 
3.300000e-02  1.218498e+00  1.141602e+00  7.689620e-02 
3.400000e-02  1.204314e+00  1.143907e+00  6.040710e-02 
3.500000e-02  1.194593e+00  1.144018e+00  5.057509e-02 
3.600000e-02  1.192478e+00  1.153066e+00  3.941213e-02 
3.700000e-02  1.217169e+00  1.176437e+00  4.073165e-02 
3.800000e-02  1.227001e+00  1.167343e+00  5.965873e-02 
3.900000e-02  1.222133e+00  1.168477e+00  5.365525e-02 
4.000000e-02  1.270866e+00  1.231434e+00  3.943223e-02 
4.100000e-02  1.311346e+00  1.280463e+00  3.088250e-02 
4.200000e-02  1.344437e+00  1.314740e+00  2.969740e-02 
4.300000e-02  1.355735e+00  1.332165e+00  2.356943e-02 
4.400000e-02  1.390094e+00  1.343332e+00  4.676186e-02 
4.500000e-02  1.367589e+00  1.301732e+00  6.585784e-02 
4.600000e-02  1.329981e+00  1.252954e+00  7.702735e-02 
4.700000e-02  1.274664e+00  1.201570e+00  7.309440e-02 
4.800000e-02  1.265830e+00  1.195063e+00  7.076726e-02 
4.900000e-02  1.259960e+00  1.199016e+00  6.094381e-02 
5.000000e-02  1.208211e+00  1.147974e+00  6.023618e-02 
5.100000e-02  1.191606e+00  1.140100e+00  5.150542e-02 
5.200000e-02  1.183609e+00  1.122934e+00  6.067461e-02 
5.300000e-02  1.217098e+00  1.164350e+00  5.274832e-02 
5.400000e-02  1.237325e+00  1.201155e+00  3.616935e-02 
5.500000e-02  1.202122e+00  1.168316e+00  3.380611e-02 
5.600000e-02  1.197567e+00  1.169523e+00  2.804444e-02 
5.700000e-02  1.218470e+00  1.200677e+00  1.779259e-02 
5.800000e-02  1.236830e+00  1.208763e+00  2.806666e-02 
5.900000e-02  1.328660e+00  1.317072e+00  1.158867e-02 
6.000000e-02  1.317439e+00  1.300775e+00  1.666455e-02 
6.100000e-02  1.329529e+00  1.324676e+00  4.853580e-03 
6.200000e-02  1.315485e+00  1.304232e+00  1.125330e-02 
6.300000e-02  1.293913e+00  1.268019e+00  2.589448e-02 
6.400000e-02  1.303951e+00  1.285457e+00  1.849418e-02 
6.500000e-02  1.323565e+00  1.305107e+00  1.845799e-02 
6.600000e-02  1.252530e+00  1.255718e+00  -3.187560e-03 
6.700000e-02  1.286416e+00  1.293296e+00  -6.879645e-03 
6.800000e-02  1.286842e+00  1.288370e+00  -1.527742e-03 
6.900000e-02  1.321211e+00  1.338324e+00  -1.711320e-02 
7.000000e-02  1.390119e+00  1.415237e+00  -2.511812e-02 
7.100000e-02  1.393087e+00  1.421334e+00  -2.824767e-02 
7.200000e-02  1.423053e+00  1.450189e+00  -2.713546e-02 
7.300000e-02  1.412883e+00  1.454445e+00  -4.156203e-02 
7.400000e-02  1.414961e+00  1.454534e+00  -3.957249e-02 
7.500000e-02  1.396946e+00  1.446334e+00  -4.938790e-02 
7.600000e-02  1.361697e+00  1.395604e+00  -3.390752e-02 
7.700000e-02  1.411643e+00  1.429573e+00  -1.792984e-02 
7.800000e-02  1.400818e+00  1.426549e+00  -2.573186e-02 
7.900000e-02  1.435197e+00  1.462146e+00  -2.694838e-02 
8.000000e-02  1.461387e+00  1.499486e+00  -3.809904e-02 
8.100000e-02  1.410220e+00  1.432609e+00  -2.238942e-02 
8.200000e-02  1.419710e+00  1.443647e+00  -2.393735e-02 
8.300000e-02  1.384709e+00  1.396788e+00  -1.207907e-02 
8.400000e-02  1.377304e+00  1.381835e+00  -4.530813e-03 
8.500000e-02  1.376058e+00  1.390006e+00  -1.394727e-02 
8.600000e-02  1.364424e+00  1.392297e+00  -2.787225e-02 
8.700000e-02  1.330440e+00  1.371054e+00  -4.061385e-02 
8.800000e-02  1.344034e+00  1.368585e+00  -2.455152e-02 
8.900000e-02  1.361901e+00  1.375558e+00  -1.365683e-02 
9.000000e-02  1.340046e+00  1.364679e+00  -2.463309e-02 
9.100000e-02  1.356476e+00  1.375337e+00  -1.886138e-02 
9.200000e-02  1.361406e+00  1.363026e+00  -1.620578e-03 
9.300000e-02  1.367973e+00  1.382456e+00  -1.448252e-02 
9.400000e-02  1.348531e+00  1.361613e+00  -1.308180e-02 
9.500000e-02  1.344283e+00  1.347578e+00  -3.295244e-03 
9.600000e-02  1.366206e+00  1.362859e+00  3.346275e-03 
9.700000e-02  1.362328e+00  1.341914e+00  2.041417e-02 
9.800000e-02  1.395724e+00  1.370259e+00  2.546528e-02 
9.900000e-02  1.404908e+00  1.377333e+00  2.757410e-02 
1.000000e-01  1.390063e+00  1.376086e+00  1.397750e-02 
1.010000e-01  1.368812e+00  1.358723e+00  1.008944e-02 
1.020000e-01  1.368315e+00  1.357347e+00  1.096791e-02 
1.030000e-01  1.350450e+00  1.326282e+00  2.416732e-02 
1.040000e-01  1.328885e+00  1.313295e+00  1.559016e-02 
1.050000e-01  1.363600e+00  1.341141e+00  2.245854e-02 
1.060000e-01  1.366521e+00  1.345685e+00  2.083571e-02 
1.070000e-01  1.410272e+00  1.397734e+00  1.253740e-02 
1.080000e-01  1.422376e+00  1.408793e+00  1.358340e-02 
1.090000e-01  1.429448e+00  1.409669e+00  1.977930e-02 
1.100000e-01  1.473325e+00  1.431058e+00  4.226695e-02 
1.110000e-01  1.490435e+00  1.446645e+00  4.378950e-02 
1.120000e-01  1.495157e+00  1.467239e+00  2.791857e-02 
1.130000e-01  1.443109e+00  1.418166e+00  2.494254e-02 
1.140000e-01  1.436981e+00  1.400135e+00  3.684520e-02 
1.150000e-01  1.465555e+00  1.431322e+00  3.423237e-02 
1.160000e-01  1.447090e+00  1.412376e+00  3.471374e-02 
1.170000e-01  1.445056e+00  1.429120e+00  1.593619e-02 
1.180000e-01  1.455976e+00  1.430737e+00  2.523939e-02 
1.190000e-01  1.399892e+00  1.367391e+00  3.250088e-02 
1.200000e-01  1.476229e+00  1.463071e+00  1.315791e-02 
1.210000e-01  1.469966e+00  1.456249e+00  1.371729e-02 
1.220000e-01  1.429119e+00  1.395693e+00  3.342639e-02 
1.230000e-01  1.425632e+00  1.392065e+00  3.356702e-02 
1.240000e-01  1.419077e+00  1.381789e+00  3.728800e-02 
1.250000e-01  1.397524e+00  1.363644e+00  3.388019e-02 
1.260000e-01  1.354003e+00  1.325789e+00  2.821356e-02 
1.270000e-01  1.353680e+00  1.322961e+00  3.071920e-02 
1.280000e-01  1.371234e+00  1.343429e+00  2.780436e-02 
1.290000e-01  1.355621e+00  1.343001e+00  1.262025e-02 
1.300000e-01  1.386567e+00  1.381517e+00  5.049923e-03 
1.310000e-01  1.349260e+00  1.365423e+00  -1.616315e-02 
1.320000e-01  1.330501e+00  1.341268e+00  -1.076677e-02 
1.330000e-01  1.364988e+00  1.375495e+00  -1.050726e-02 
1.340000e-01  1.408254e+00  1.433031e+00  -2.477728e-02 
1.350000e-01  1.430997e+00  1.471647e+00  -4.065029e-02 
1.360000e-01  1.407420e+00  1.421659e+00  -1.423892e-02 
1.370000e-01  1.345303e+00  1.377397e+00  -3.209345e-02 
1.380000e-01  1.368620e+00  1.410871e+00  -4.225178e-02 
1.390000e-01  1.396657e+00  1.438355e+00  -4.169720e-02 
1.400000e-01  1.386231e+00  1.420532e+00  -3.430162e-02 
1.410000e-01  1.404254e+00  1.441950e+00  -3.769609e-02 
1.420000e-01  1.423554e+00  1.439427e+00  -1.587393e-02 
1.430000e-01  1.440323e+00  1.446652e+00  -6.329479e-03 
1.440000e-01  1.415283e+00  1.405606e+00  9.677340e-03 
1.450000e-01  1.427127e+00  1.433393e+00  -6.265970e-03 
1.460000e-01  1.459307e+00  1.475326e+00  -1.601954e-02 
1.470000e-01  1.497166e+00  1.504295e+00  -7.128332e-03 
1.480000e-01  1.529445e+00  1.551643e+00  -2.219817e-02 
1.490000e-01  1.563807e+00  1.598531e+00  -3.472373e-02 
1.500000e-01  1.592271e+00  1.622726e+00  -3.045540e-02 
1.510000e-01  1.617122e+00  1.662290e+00  -4.516749e-02 
1.520000e-01  1.669732e+00  1.707137e+00  -3.740501e-02 
1.530000e-01  1.595498e+00  1.631673e+00  -3.617581e-02 
1.540000e-01  1.552696e+00  1.571854e+00  -1.915792e-02 
1.550000e-01  1.535348e+00  1.563320e+00  -2.797129e-02 
1.560000e-01  1.512464e+00  1.526259e+00  -1.379448e-02 
1.570000e-01  1.509540e+00  1.507285e+00  2.255778e-03 
1.580000e-01  1.544361e+00  1.532253e+00  1.210787e-02 
1.590000e-01  1.533742e+00  1.508278e+00  2.546375e-02 
1.600000e-01  1.582563e+00  1.570551e+00  1.201175e-02 
1.610000e-01  1.643374e+00  1.614214e+00  2.915966e-02 
1.620000e-01  1.607315e+00  1.599638e+00  7.677217e-03 
1.630000e-01  1.573323e+00  1.575325e+00  -2.001990e-03 
1.640000e-01  1.613502e+00  1.626123e+00  -1.262055e-02 
1.650000e-01  1.610349e+00  1.622149e+00  -1.180044e-02 
1.660000e-01  1.606293e+00  1.608046e+00  -1.753510e-03 
1.670000e-01  1.630063e+00  1.660898e+00  -3.083503e-02 
1.680000e-01  1.601239e+00  1.637131e+00  -3.589227e-02 
1.690000e-01  1.586356e+00  1.614826e+00  -2.847000e-02 
1.700000e-01  1.615973e+00  1.613359e+00  2.613771e-03 
1.710000e-01  1.609606e+00  1.576443e+00  3.316334e-02 
1.720000e-01  1.592544e+00  1.540924e+00  5.162053e-02 
1.730000e-01  1.569829e+00  1.520075e+00  4.975359e-02 
1.740000e-01  1.538717e+00  1.492710e+00  4.600689e-02 
1.750000e-01  1.510134e+00  1.475324e+00  3.481001e-02 
1.760000e-01  1.524633e+00  1.464959e+00  5.967401e-02 
1.770000e-01  1.547337e+00  1.472613e+00  7.472449e-02 
1.780000e-01  1.587621e+00  1.513367e+00  7.425485e-02 
1.790000e-01  1.575809e+00  1.493073e+00  8.273590e-02 
1.800000e-01  1.537642e+00  1.479293e+00  5.834859e-02 
1.810000e-01  1.566960e+00  1.477653e+00  8.930753e-02 
1.820000e-01  1.549708e+00  1.447229e+00  1.024789e-01 
1.830000e-01  1.599481e+00  1.453058e+00  1.464228e-01 
1.840000e-01  1.634611e+00  1.476812e+00  1.577997e-01 
1.850000e-01  1.620496e+00  1.456133e+00  1.643627e-01 
1.860000e-01  1.640889e+00  1.477381e+00  1.635085e-01 
1.870000e-01  1.635890e+00  1.466534e+00  1.693562e-01 
1.880000e-01  1.638558e+00  1.497441e+00  1.411169e-01 
1.890000e-01  1.583038e+00  1.462761e+00  1.202763e-01 
1.900000e-01  1.572689e+00  1.443068e+00  1.296210e-01 
1.910000e-01  1.630455e+00  1.492962e+00  1.374939e-01 
1.920000e-01  1.594878e+00  1.441895e+00  1.529829e-01 
1.930000e-01  1.598115e+00  1.432294e+00  1.658207e-01 
1.940000e-01  1.552633e+00  1.362170e+00  1.904634e-01 
1.950000e-01  1.476168e+00  1.300733e+00  1.754346e-01 
1.960000e-01  1.473236e+00  1.298354e+00  1.748826e-01 
1.970000e-01  1.444373e+00  1.268455e+00  1.759173e-01 
1.980000e-01  1.444545e+00  1.267676e+00  1.768684e-01 
1.990000e-01  1.401247e+00  1.223518e+00  1.777286e-01 
2.000000e-01  1.426849e+00  1.280867e+00  1.459821e-01 
2.010000e-01  1.392123e+00  1.268873e+00  1.232500e-01 
2.020000e-01  1.426854e+00  1.325950e+00  1.009034e-01 
2.030000e-01  1.458665e+00  1.359525e+00  9.913956e-02 
2.040000e-01  1.447191e+00  1.329034e+00  1.181573e-01 
2.050000e-01  1.408859e+00  1.315735e+00  9.312446e-02 
2.060000e-01  1.342551e+00  1.233010e+00  1.095415e-01 
2.070000e-01  1.342532e+00  1.237758e+00  1.047743e-01 
2.080000e-01  1.364742e+00  1.288301e+00  7.644044e-02 
2.090000e-01  1.299134e+00  1.218936e+00  8.019771e-02 
2.100000e-01  1.339571e+00  1.283601e+00  5.597068e-02 
2.110000e-01  1.342980e+00  1.274949e+00  6.803022e-02 
2.120000e-01  1.308422e+00  1.241596e+00  6.682614e-02 
2.130000e-01  1.296051e+00  1.213603e+00  8.244807e-02 
2.140000e-01  1.326255e+00  1.242446e+00  8.380887e-02 
2.150000e-01  1.344525e+00  1.237234e+00  1.072905e-01 
2.160000e-01  1.344124e+00  1.245488e+00  9.863616e-02 
2.170000e-01  1.395675e+00  1.302264e+00  9.341100e-02 
2.180000e-01  1.363224e+00  1.275175e+00  8.804974e-02 
2.190000e-01  1.420774e+00  1.322889e+00  9.788488e-02 
2.200000e-01  1.463449e+00  1.370782e+00  9.266688e-02 
2.210000e-01  1.444406e+00  1.344448e+00  9.995768e-02 
2.220000e-01  1.476941e+00  1.384432e+00  9.250836e-02 
2.230000e-01  1.504378e+00  1.428772e+00  7.560531e-02 
2.240000e-01  1.501672e+00  1.427544e+00  7.412779e-02 
2.250000e-01  1.491806e+00  1.418555e+00  7.325126e-02 
2.260000e-01  1.472411e+00  1.397619e+00  7.479290e-02 
2.270000e-01  1.469269e+00  1.402669e+00  6.660012e-02 
2.280000e-01  1.470956e+00  1.407598e+00  6.335786e-02 
2.290000e-01  1.448682e+00  1.402726e+00  4.595628e-02 
2.300000e-01  1.440133e+00  1.395264e+00  4.486939e-02 
2.310000e-01  1.510081e+00  1.467028e+00  4.305330e-02 
2.320000e-01  1.517197e+00  1.471018e+00  4.617882e-02 
2.330000e-01  1.534107e+00  1.489045e+00  4.506243e-02 
2.340000e-01  1.554244e+00  1.477938e+00  7.630616e-02 
2.350000e-01  1.549524e+00  1.476199e+00  7.332553e-02 
2.360000e-01  1.560707e+00  1.470104e+00  9.060228e-02 
2.370000e-01  1.569791e+00  1.458830e+00  1.109611e-01 
2.380000e-01  1.600987e+00  1.481980e+00  1.190068e-01 
2.390000e-01  1.628227e+00  1.530197e+00  9.803045e-02 
2.400000e-01  1.569145e+00  1.489339e+00  7.980606e-02 
2.410000e-01  1.603364e+00  1.514299e+00  8.906464e-02 
2.420000e-01  1.612467e+00  1.516064e+00  9.640272e-02 
2.430000e-01  1.607195e+00  1.512996e+00  9.419978e-02 
2.440000e-01  1.622728e+00  1.527761e+00  9.496673e-02 
2.450000e-01  1.612419e+00  1.528811e+00  8.360776e-02 
2.460000e-01  1.638473e+00  1.551921e+00  8.655192e-02 
2.470000e-01  1.654016e+00  1.580729e+00  7.328768e-02 
2.480000e-01  1.656831e+00  1.597616e+00  5.921509e-02 
2.490000e-01  1.685487e+00  1.625612e+00  5.987445e-02 
2.500000e-01  1.680422e+00  1.600966e+00  7.945643e-02 
2.510000e-01  1.663217e+00  1.582928e+00  8.028899e-02 
2.520000e-01  1.606793e+00  1.546600e+00  6.019291e-02 
2.530000e-01  1.613205e+00  1.550851e+00  6.235442e-02 
2.540000e-01  1.613405e+00  1.558823e+00  5.458169e-02 
2.550000e-01  1.632949e+00  1.574761e+00  5.818887e-02 
2.560000e-01  1.586801e+00  1.551600e+00  3.520082e-02 
2.570000e-01  1.561363e+00  1.518186e+00  4.317698e-02 
2.580000e-01  1.556870e+00  1.517248e+00  3.962241e-02 
2.590000e-01  1.569536e+00  1.532621e+00  3.691547e-02 
2.600000e-01  1.574603e+00  1.522388e+00  5.221529e-02 
2.610000e-01  1.587277e+00  1.525858e+00  6.141985e-02 
2.620000e-01  1.566910e+00  1.487812e+00  7.909847e-02 
2.630000e-01  1.517818e+00  1.447349e+00  7.046957e-02 
2.640000e-01  1.557123e+00  1.467034e+00  9.008907e-02 
2.650000e-01  1.579667e+00  1.473198e+00  1.064689e-01 
2.660000e-01  1.506825e+00  1.389378e+00  1.174471e-01 
2.670000e-01  1.471866e+00  1.365003e+00  1.068624e-01 
2.680000e-01  1.486178e+00  1.409726e+00  7.645185e-02 
2.690000e-01  1.466179e+00  1.396432e+00  6.974688e-02 
2.700000e-01  1.482771e+00  1.405629e+00  7.714191e-02 
2.710000e-01  1.453654e+00  1.363436e+00  9.021797e-02 
2.720000e-01  1.456233e+00  1.368892e+00  8.734089e-02 
2.730000e-01  1.438158e+00  1.347268e+00  9.089059e-02 
2.740000e-01  1.460878e+00  1.350712e+00  1.101658e-01 
2.750000e-01  1.538289e+00  1.430779e+00  1.075095e-01 
2.760000e-01  1.517685e+00  1.422314e+00  9.537071e-02 
2.770000e-01  1.539934e+00  1.452107e+00  8.782649e-02 
2.780000e-01  1.504634e+00  1.439194e+00  6.543973e-02 
2.790000e-01  1.492386e+00  1.438053e+00  5.433309e-02 
2.800000e-01  1.431443e+00  1.368131e+00  6.331225e-02 
2.810000e-01  1.428744e+00  1.354818e+00  7.392567e-02 
2.820000e-01  1.395095e+00  1.328737e+00  6.635843e-02 
2.830000e-01  1.394356e+00  1.343540e+00  5.081600e-02 
2.840000e-01  1.417177e+00  1.369078e+00  4.809913e-02 
2.850000e-01  1.432422e+00  1.362369e+00  7.005267e-02 
2.860000e-01  1.474549e+00  1.403087e+00  7.146183e-02 
2.870000e-01  1.456654e+00  1.388799e+00  6.785560e-02 
2.880000e-01  1.459180e+00  1.390317e+00  6.886266e-02 
2.890000e-01  1.491840e+00  1.431963e+00  5.987731e-02 
2.900000e-01  1.477306e+00  1.420044e+00  5.726183e-02 
2.910000e-01  1.452756e+00  1.371782e+00  8.097420e-02 
2.920000e-01  1.465996e+00  1.373574e+00  9.242155e-02 
2.930000e-01  1.508966e+00  1.422356e+00  8.660960e-02 
2.940000e-01  1.483190e+00  1.399520e+00  8.366983e-02 
2.950000e-01  1.462933e+00  1.385132e+00  7.780179e-02 
2.960000e-01  1.473109e+00  1.397761e+00  7.534781e-02 
2.970000e-01  1.466582e+00  1.383119e+00  8.346259e-02 
2.980000e-01  1.499551e+00  1.410258e+00  8.929299e-02 
2.990000e-01  1.564617e+00  1.463044e+00  1.015732e-01 
3.000000e-01  1.531785e+00  1.428115e+00  1.036695e-01 
3.010000e-01  1.571324e+00  1.438839e+00  1.324852e-01 
3.020000e-01  1.585045e+00  1.448097e+00  1.369479e-01 
3.030000e-01  1.618880e+00  1.472079e+00  1.468009e-01 
3.040000e-01  1.658402e+00  1.522635e+00  1.357668e-01 
3.050000e-01  1.680467e+00  1.547107e+00  1.333598e-01 
3.060000e-01  1.704720e+00  1.567461e+00  1.372591e-01 
3.070000e-01  1.744971e+00  1.610664e+00  1.343073e-01 
3.080000e-01  1.708150e+00  1.571354e+00  1.367957e-01 
3.090000e-01  1.705588e+00  1.578913e+00  1.266748e-01 
3.100000e-01  1.666153e+00  1.532836e+00  1.333168e-01 
3.110000e-01  1.704785e+00  1.580780e+00  1.240050e-01 
3.120000e-01  1.755404e+00  1.644037e+00  1.113667e-01 
3.130000e-01  1.792952e+00  1.666461e+00  1.264905e-01 
3.140000e-01  1.751021e+00  1.644951e+00  1.060704e-01 
3.150000e-01  1.746376e+00  1.647681e+00  9.869469e-02 
3.160000e-01  1.733917e+00  1.640156e+00  9.376108e-02 
3.170000e-01  1.761457e+00  1.641063e+00  1.203946e-01 
3.180000e-01  1.763482e+00  1.661076e+00  1.024064e-01 
3.190000e-01  1.758260e+00  1.654269e+00  1.039909e-01 
3.200000e-01  1.788254e+00  1.690273e+00  9.798094e-02 
3.210000e-01  1.784450e+00  1.705619e+00  7.883175e-02 
3.220000e-01  1.775718e+00  1.706496e+00  6.922215e-02 
3.230000e-01  1.757773e+00  1.680443e+00  7.733029e-02 
3.240000e-01  1.727229e+00  1.657002e+00  7.022734e-02 
3.250000e-01  1.729620e+00  1.636752e+00  9.286825e-02 
3.260000e-01  1.736777e+00  1.635427e+00  1.013499e-01 
3.270000e-01  1.773105e+00  1.661985e+00  1.111199e-01 
3.280000e-01  1.757751e+00  1.647584e+00  1.101669e-01 
3.290000e-01  1.723199e+00  1.618955e+00  1.042447e-01 
3.300000e-01  1.728906e+00  1.614235e+00  1.146712e-01 
3.310000e-01  1.687700e+00  1.548322e+00  1.393781e-01 
3.320000e-01  1.725371e+00  1.586376e+00  1.389953e-01 
3.330000e-01  1.779651e+00  1.637513e+00  1.421371e-01 
3.340000e-01  1.789992e+00  1.642323e+00  1.476694e-01 
3.350000e-01  1.783180e+00  1.642540e+00  1.406407e-01 
3.360000e-01  1.790193e+00  1.658743e+00  1.314505e-01 
3.370000e-01  1.796040e+00  1.677097e+00  1.189436e-01 
3.380000e-01  1.792536e+00  1.684984e+00  1.075525e-01 
3.390000e-01  1.816678e+00  1.717340e+00  9.933866e-02 
3.400000e-01  1.797218e+00  1.692621e+00  1.045969e-01 
3.410000e-01  1.813105e+00  1.723619e+00  8.948598e-02 
3.420000e-01  1.795235e+00  1.699015e+00  9.621978e-02 
3.430000e-01  1.821865e+00  1.715760e+00  1.061048e-01 
3.440000e-01  1.813652e+00  1.712358e+00  1.012936e-01 
3.450000e-01  1.788860e+00  1.666952e+00  1.219076e-01 
3.460000e-01  1.795722e+00  1.696866e+00  9.885588e-02 
3.470000e-01  1.788106e+00  1.709780e+00  7.832631e-02 
3.480000e-01  1.822641e+00  1.704866e+00  1.177745e-01 
3.490000e-01  1.847290e+00  1.728486e+00  1.188036e-01 
3.500000e-01  1.846066e+00  1.723132e+00  1.229337e-01 
3.510000e-01  1.826423e+00  1.716992e+00  1.094308e-01 
3.520000e-01  1.832242e+00  1.704735e+00  1.275071e-01 
3.530000e-01  1.816509e+00  1.689989e+00  1.265200e-01 
3.540000e-01  1.871739e+00  1.761023e+00  1.107166e-01 
3.550000e-01  1.876888e+00  1.742598e+00  1.342903e-01 
3.560000e-01  1.843267e+00  1.705499e+00  1.377681e-01 
3.570000e-01  1.820754e+00  1.701570e+00  1.191841e-01 
3.580000e-01  1.805215e+00  1.695454e+00  1.097610e-01 
3.590000e-01  1.844985e+00  1.753708e+00  9.127703e-02 
3.600000e-01  1.860410e+00  1.800279e+00  6.013102e-02 
3.610000e-01  1.897409e+00  1.835171e+00  6.223833e-02 
3.620000e-01  1.871222e+00  1.812687e+00  5.853548e-02 
3.630000e-01  1.865314e+00  1.798220e+00  6.709402e-02 
3.640000e-01  1.837705e+00  1.764390e+00  7.331460e-02 
3.650000e-01  1.854897e+00  1.814283e+00  4.061448e-02 
3.660000e-01  1.810000e+00  1.748196e+00  6.180484e-02 
3.670000e-01  1.842268e+00  1.767403e+00  7.486535e-02 
3.680000e-01  1.903989e+00  1.840609e+00  6.337934e-02 
3.690000e-01  1.879070e+00  1.822334e+00  5.673601e-02 
3.700000e-01  1.941158e+00  1.895454e+00  4.570427e-02 
3.710000e-01  1.911662e+00  1.853819e+00  5.784327e-02 
3.720000e-01  1.891733e+00  1.832247e+00  5.948560e-02 
3.730000e-01  1.881348e+00  1.762139e+00  1.192089e-01 
3.740000e-01  1.851623e+00  1.740771e+00  1.108520e-01 
3.750000e-01  1.797022e+00  1.699412e+00  9.761039e-02 
3.760000e-01  1.798621e+00  1.737547e+00  6.107430e-02 
3.770000e-01  1.798724e+00  1.762296e+00  3.642799e-02 
3.780000e-01  1.806470e+00  1.761908e+00  4.456184e-02 
3.790000e-01  1.826717e+00  1.798522e+00  2.819532e-02 
3.800000e-01  1.863065e+00  1.853014e+00  1.005106e-02 
3.810000e-01  1.891635e+00  1.900835e+00  -9.199388e-03 
3.820000e-01  1.932677e+00  1.967604e+00  -3.492739e-02 
3.830000e-01  1.947067e+00  1.964175e+00  -1.710747e-02 
3.840000e-01  1.941767e+00  1.944966e+00  -3.199309e-03 
3.850000e-01  1.944478e+00  1.967030e+00  -2.255174e-02 
3.860000e-01  1.927151e+00  1.976609e+00  -4.945883e-02 
3.870000e-01  1.981597e+00  2.018847e+00  -3.725015e-02 
3.880000e-01  1.966885e+00  2.000006e+00  -3.312131e-02 
3.890000e-01  1.960043e+00  1.967836e+00  -7.793054e-03 
3.900000e-01  1.964439e+00  1.946966e+00  1.747240e-02 
3.910000e-01  1.983344e+00  1.949638e+00  3.370600e-02 
3.920000e-01  1.943074e+00  1.923669e+00  1.940544e-02 
3.930000e-01  1.953625e+00  1.923684e+00  2.994130e-02 
3.940000e-01  1.935838e+00  1.913069e+00  2.276924e-02 
3.950000e-01  1.968575e+00  1.927624e+00  4.095137e-02 
3.960000e-01  1.991799e+00  1.932840e+00  5.895904e-02 
3.970000e-01  2.005983e+00  1.945654e+00  6.032910e-02 
3.980000e-01  1.991081e+00  1.952557e+00  3.852437e-02 
3.990000e-01  1.947499e+00  1.914239e+00  3.326028e-02 
4.000000e-01  1.948540e+00  1.915145e+00  3.339486e-02 
4.010000e-01  1.930440e+00  1.908453e+00  2.198655e-02 
4.020000e-01  1.902481e+00  1.894931e+00  7.549699e-03 
4.030000e-01  1.909454e+00  1.920661e+00  -1.120682e-02 
4.040000e-01  1.907498e+00  1.913820e+00  -6.322102e-03 
4.050000e-01  1.891389e+00  1.882195e+00  9.194440e-03 
4.060000e-01  1.904741e+00  1.909734e+00  -4.992772e-03 
4.070000e-01  1.884651e+00  1.890308e+00  -5.657270e-03 
4.080000e-01  1.877319e+00  1.866012e+00  1.130621e-02 
4.090000e-01  1.902049e+00  1.907688e+00  -5.639001e-03 
4.100000e-01  1.888354e+00  1.901886e+00  -1.353248e-02 
4.110000e-01  1.948357e+00  1.972897e+00  -2.453984e-02 
4.120000e-01  1.959965e+00  1.981356e+00  -2.139118e-02 
4.130000e-01  1.944194e+00  1.987554e+00  -4.336013e-02 
4.140000e-01  1.978860e+00  2.021294e+00  -4.243443e-02 
4.150000e-01  1.991344e+00  2.010675e+00  -1.933061e-02 
4.160000e-01  1.938669e+00  1.930312e+00  8.356183e-03 
4.170000e-01  1.955198e+00  1.967259e+00  -1.206162e-02 
4.180000e-01  1.955980e+00  1.978675e+00  -2.269492e-02 
4.190000e-01  1.962863e+00  1.955925e+00  6.938248e-03 
4.200000e-01  1.972090e+00  1.961182e+00  1.090807e-02 
4.210000e-01  2.000840e+00  1.988824e+00  1.201631e-02 
4.220000e-01  1.970962e+00  1.976701e+00  -5.739312e-03 
4.230000e-01  1.984913e+00  1.974271e+00  1.064212e-02 
4.240000e-01  2.009796e+00  2.000509e+00  9.287426e-03 
4.250000e-01  1.954762e+00  1.967432e+00  -1.266972e-02 
4.260000e-01  1.956341e+00  1.980270e+00  -2.392915e-02 
4.270000e-01  1.956838e+00  1.941520e+00  1.531819e-02 
4.280000e-01  1.972412e+00  1.976122e+00  -3.709899e-03 
4.290000e-01  1.947760e+00  1.956831e+00  -9.070539e-03 
4.300000e-01  1.952375e+00  1.963622e+00  -1.124697e-02 
4.310000e-01  1.940283e+00  1.921302e+00  1.898155e-02 
4.320000e-01  1.928355e+00  1.889194e+00  3.916126e-02 
4.330000e-01  1.868259e+00  1.836285e+00  3.197457e-02 
4.340000e-01  1.885407e+00  1.855286e+00  3.012166e-02 
4.350000e-01  1.877914e+00  1.893820e+00  -1.590640e-02 
4.360000e-01  1.910993e+00  1.914903e+00  -3.910487e-03 
4.370000e-01  1.877629e+00  1.872363e+00  5.265608e-03 
4.380000e-01  1.874656e+00  1.905236e+00  -3.057974e-02 
4.390000e-01  1.882815e+00  1.894337e+00  -1.152167e-02 
4.400000e-01  1.916299e+00  1.922036e+00  -5.736821e-03 
4.410000e-01  1.889723e+00  1.887269e+00  2.453531e-03 
4.420000e-01  1.925819e+00  1.900949e+00  2.486982e-02 
4.430000e-01  1.963164e+00  1.954896e+00  8.267727e-03 
4.440000e-01  1.984681e+00  1.974547e+00  1.013420e-02 
4.450000e-01  1.998672e+00  1.990862e+00  7.810367e-03 
4.460000e-01  1.951970e+00  1.914618e+00  3.735252e-02 
4.470000e-01  1.972431e+00  1.930608e+00  4.182304e-02 
4.480000e-01  2.001006e+00  1.965985e+00  3.502079e-02 
4.490000e-01  1.986560e+00  1.944591e+00  4.196895e-02 
4.500000e-01  1.993650e+00  1.921931e+00  7.171896e-02 
4.510000e-01  1.930474e+00  1.856260e+00  7.421432e-02 
4.520000e-01  1.982354e+00  1.897957e+00  8.439706e-02 
4.530000e-01  1.982816e+00  1.875974e+00  1.068418e-01 
4.540000e-01  1.999177e+00  1.907283e+00  9.189400e-02 
4.550000e-01  2.052575e+00  1.956057e+00  9.651837e-02 
4.560000e-01  2.103783e+00  2.006853e+00  9.692978e-02 
4.570000e-01  2.108194e+00  1.997176e+00  1.110181e-01 
4.580000e-01  2.089161e+00  1.964888e+00  1.242739e-01 
4.590000e-01  2.075341e+00  1.958982e+00  1.163588e-01 
4.600000e-01  2.067461e+00  1.964999e+00  1.024615e-01 
4.610000e-01  2.059159e+00  1.954403e+00  1.047554e-01 
4.620000e-01  2.067514e+00  1.982071e+00  8.544306e-02 
4.630000e-01  2.041218e+00  1.935080e+00  1.061377e-01 
4.640000e-01  1.995869e+00  1.904763e+00  9.110586e-02 
4.650000e-01  1.998414e+00  1.876795e+00  1.216185e-01 
4.660000e-01  1.917705e+00  1.807847e+00  1.098582e-01 
4.670000e-01  1.960273e+00  1.831325e+00  1.289477e-01 
4.680000e-01  1.988507e+00  1.843085e+00  1.454226e-01 
4.690000e-01  2.000859e+00  1.864350e+00  1.365088e-01 
4.700000e-01  2.012697e+00  1.867536e+00  1.451609e-01 
4.710000e-01  2.039050e+00  1.870596e+00  1.684542e-01 
4.720000e-01  2.031327e+00  1.890588e+00  1.407385e-01 
4.730000e-01  2.122204e+00  2.000961e+00  1.212438e-01 
4.740000e-01  2.115033e+00  1.972627e+00  1.424057e-01 
4.750000e-01  2.168590e+00  2.037568e+00  1.310221e-01 
4.760000e-01  2.182548e+00  2.062308e+00  1.202402e-01 
4.770000e-01  2.180689e+00  2.040590e+00  1.400987e-01 
4.780000e-01  2.195566e+00  2.063448e+00  1.321180e-01 
4.790000e-01  2.197310e+00  2.067444e+00  1.298664e-01 
4.800000e-01  2.206501e+00  2.071742e+00  1.347592e-01 
4.810000e-01  2.170409e+00  2.027554e+00  1.428549e-01 
4.820000e-01  2.194900e+00  2.023303e+00  1.715979e-01 
4.830000e-01  2.181741e+00  2.023005e+00  1.587360e-01 
4.840000e-01  2.168879e+00  1.998708e+00  1.701706e-01 
4.850000e-01  2.184102e+00  2.011557e+00  1.725456e-01 
4.860000e-01  2.242276e+00  2.078060e+00  1.642161e-01 
4.870000e-01  2.255229e+00  2.083611e+00  1.716172e-01 
4.880000e-01  2.230968e+00  2.045041e+00  1.859276e-01 
4.890000e-01  2.205518e+00  2.019273e+00  1.862445e-01 
4.900000e-01  2.219044e+00  2.032012e+00  1.870325e-01 
4.910000e-01  2.176666e+00  1.962744e+00  2.139221e-01 
4.920000e-01  2.136455e+00  1.954363e+00  1.820922e-01 
4.930000e-01  2.136981e+00  1.968101e+00  1.688798e-01 
4.940000e-01  2.137448e+00  1.965602e+00  1.718457e-01 
4.950000e-01  2.123241e+00  1.952806e+00  1.704344e-01 
4.960000e-01  2.119957e+00  1.986065e+00  1.338920e-01 
4.970000e-01  2.147589e+00  2.024571e+00  1.230181e-01 
4.980000e-01  2.149141e+00  2.011894e+00  1.372469e-01 
4.990000e-01  2.140819e+00  2.002674e+00  1.381449e-01 
5.000000e-01  2.130650e+00  1.993828e+00  1.368221e-01 
5.010000e-01  2.117393e+00  2.002019e+00  1.153731e-01 
5.020000e-01  2.105358e+00  2.002080e+00  1.032773e-01 
5.030000e-01  2.147784e+00  2.042435e+00  1.053489e-01 
5.040000e-01  2.157435e+00  2.081453e+00  7.598151e-02 
5.050000e-01  2.173538e+00  2.070563e+00  1.029747e-01 
5.060000e-01  2.176773e+00  2.087176e+00  8.959691e-02 
5.070000e-01  2.203791e+00  2.086339e+00  1.174520e-01 
5.080000e-01  2.213599e+00  2.104032e+00  1.095661e-01 
5.090000e-01  2.230633e+00  2.141285e+00  8.934818e-02 
5.100000e-01  2.192878e+00  2.090292e+00  1.025863e-01 
5.110000e-01  2.194854e+00  2.096527e+00  9.832648e-02 
5.120000e-01  2.176455e+00  2.069884e+00  1.065709e-01 
5.130000e-01  2.162417e+00  2.039552e+00  1.228655e-01 
5.140000e-01  2.184655e+00  2.038521e+00  1.461339e-01 
5.150000e-01  2.182817e+00  2.050076e+00  1.327414e-01 
5.160000e-01  2.162210e+00  2.028456e+00  1.337539e-01 
5.170000e-01  2.161711e+00  2.049436e+00  1.122751e-01 
5.180000e-01  2.187380e+00  2.077143e+00  1.102374e-01 
5.190000e-01  2.214346e+00  2.102937e+00  1.114087e-01 
5.200000e-01  2.202054e+00  2.070338e+00  1.317162e-01 
5.210000e-01  2.182391e+00  2.019781e+00  1.626093e-01 
5.220000e-01  2.171015e+00  1.977398e+00  1.936178e-01 
5.230000e-01  2.192423e+00  1.991258e+00  2.011649e-01 
5.240000e-01  2.183760e+00  1.990977e+00  1.927828e-01 
5.250000e-01  2.202932e+00  2.002926e+00  2.000055e-01 
5.260000e-01  2.191925e+00  1.978931e+00  2.129945e-01 
5.270000e-01  2.199650e+00  1.986260e+00  2.133899e-01 
5.280000e-01  2.195115e+00  2.004090e+00  1.910252e-01 
5.290000e-01  2.203423e+00  2.019528e+00  1.838953e-01 
5.300000e-01  2.191194e+00  2.001888e+00  1.893068e-01 
5.310000e-01  2.194600e+00  2.016278e+00  1.783221e-01 
5.320000e-01  2.188686e+00  2.012340e+00  1.763465e-01 
5.330000e-01  2.182481e+00  1.982019e+00  2.004620e-01 
5.340000e-01  2.153018e+00  1.955902e+00  1.971164e-01 
5.350000e-01  2.193444e+00  2.009799e+00  1.836445e-01 
5.360000e-01  2.211892e+00  2.056555e+00  1.553365e-01 
5.370000e-01  2.182492e+00  2.048378e+00  1.341146e-01 
5.380000e-01  2.207720e+00  2.071807e+00  1.359128e-01 
5.390000e-01  2.192252e+00  2.034693e+00  1.575588e-01 
5.400000e-01  2.193456e+00  2.050834e+00  1.426222e-01 
5.410000e-01  2.208855e+00  2.105395e+00  1.034602e-01 
5.420000e-01  2.223401e+00  2.070021e+00  1.533809e-01 
5.430000e-01  2.272660e+00  2.139336e+00  1.333236e-01 
5.440000e-01  2.302262e+00  2.180067e+00  1.221952e-01 
5.450000e-01  2.321290e+00  2.214577e+00  1.067135e-01 
5.460000e-01  2.339517e+00  2.267364e+00  7.215219e-02 
5.470000e-01  2.331344e+00  2.227945e+00  1.033990e-01 
5.480000e-01  2.348108e+00  2.226897e+00  1.212107e-01 
5.490000e-01  2.338910e+00  2.205011e+00  1.338991e-01 
5.500000e-01  2.308582e+00  2.153637e+00  1.549450e-01 
5.510000e-01  2.329777e+00  2.127085e+00  2.026915e-01 
5.520000e-01  2.321769e+00  2.122028e+00  1.997406e-01 
5.530000e-01  2.286440e+00  2.128106e+00  1.583336e-01 
5.540000e-01  2.282042e+00  2.134435e+00  1.476076e-01 
5.550000e-01  2.291140e+00  2.144651e+00  1.464882e-01 
5.560000e-01  2.331770e+00  2.189600e+00  1.421696e-01 
5.570000e-01  2.316700e+00  2.178462e+00  1.382380e-01 
5.580000e-01  2.301186e+00  2.146313e+00  1.548733e-01 
5.590000e-01  2.297707e+00  2.122503e+00  1.752042e-01 
5.600000e-01  2.248102e+00  2.051037e+00  1.970652e-01 
5.610000e-01  2.202643e+00  2.017951e+00  1.846915e-01 
5.620000e-01  2.234703e+00  2.042169e+00  1.925340e-01 
5.630000e-01  2.227584e+00  2.050763e+00  1.768207e-01 
5.640000e-01  2.238636e+00  2.060482e+00  1.781540e-01 
5.650000e-01  2.228909e+00  2.052610e+00  1.762993e-01 
5.660000e-01  2.231150e+00  1.994905e+00  2.362452e-01 
5.670000e-01  2.233493e+00  2.016331e+00  2.171616e-01 
5.680000e-01  2.236459e+00  2.018261e+00  2.181981e-01 
5.690000e-01  2.240610e+00  2.011602e+00  2.290078e-01 
5.700000e-01  2.252504e+00  2.007388e+00  2.451160e-01 
5.710000e-01  2.242980e+00  1.997265e+00  2.457152e-01 
5.720000e-01  2.282180e+00  2.050688e+00  2.314925e-01 
5.730000e-01  2.310984e+00  2.077505e+00  2.334793e-01 
5.740000e-01  2.289644e+00  2.080537e+00  2.091069e-01 
5.750000e-01  2.312817e+00  2.096119e+00  2.166981e-01 
5.760000e-01  2.318308e+00  2.108224e+00  2.100843e-01 
5.770000e-01  2.294074e+00  2.092056e+00  2.020176e-01 
5.780000e-01  2.291283e+00  2.102299e+00  1.889835e-01 
5.790000e-01  2.266929e+00  2.075394e+00  1.915358e-01 
5.800000e-01  2.246621e+00  2.027296e+00  2.193251e-01 
5.810000e-01  2.230636e+00  1.987651e+00  2.429846e-01 
5.820000e-01  2.216299e+00  1.943963e+00  2.723362e-01 
5.830000e-01  2.213487e+00  1.953811e+00  2.596765e-01 
5.840000e-01  2.223023e+00  1.961669e+00  2.613537e-01 
5.850000e-01  2.179670e+00  1.886669e+00  2.930009e-01 
5.860000e-01  2.239550e+00  1.953148e+00  2.864019e-01 
5.870000e-01  2.215100e+00  1.947199e+00  2.679005e-01 
5.880000e-01  2.206891e+00  1.924444e+00  2.824472e-01 
5.890000e-01  2.224642e+00  1.966980e+00  2.576619e-01 
5.900000e-01  2.206398e+00  1.953910e+00  2.524884e-01 
5.910000e-01  2.223002e+00  1.968570e+00  2.544317e-01 
5.920000e-01  2.238816e+00  1.997142e+00  2.416741e-01 
5.930000e-01  2.273135e+00  2.037085e+00  2.360501e-01 
5.940000e-01  2.260378e+00  2.018915e+00  2.414634e-01 
5.950000e-01  2.273888e+00  2.035210e+00  2.386782e-01 
5.960000e-01  2.254544e+00  2.014575e+00  2.399695e-01 
5.970000e-01  2.264607e+00  2.037542e+00  2.270656e-01 
5.980000e-01  2.246954e+00  1.980723e+00  2.662307e-01 
5.990000e-01  2.271196e+00  2.012309e+00  2.588870e-01 
6.000000e-01  2.281021e+00  2.000817e+00  2.802046e-01 
6.010000e-01  2.238299e+00  1.946982e+00  2.913173e-01 
6.020000e-01  2.241760e+00  1.940740e+00  3.010196e-01 
6.030000e-01  2.265075e+00  1.949600e+00  3.154743e-01 
6.040000e-01  2.289058e+00  1.972120e+00  3.169382e-01 
6.050000e-01  2.317382e+00  2.040517e+00  2.768657e-01 
6.060000e-01  2.291854e+00  2.027721e+00  2.641331e-01 
6.070000e-01  2.291585e+00  2.033379e+00  2.582054e-01 
6.080000e-01  2.310547e+00  2.044526e+00  2.660217e-01 
6.090000e-01  2.322915e+00  2.041530e+00  2.813847e-01 
6.100000e-01  2.296392e+00  2.034233e+00  2.621587e-01 
6.110000e-01  2.297501e+00  2.031855e+00  2.656464e-01 
6.120000e-01  2.311755e+00  2.067397e+00  2.443574e-01 
6.130000e-01  2.345604e+00  2.122037e+00  2.235667e-01 
6.140000e-01  2.359957e+00  2.126384e+00  2.335727e-01 
6.150000e-01  2.322144e+00  2.106112e+00  2.160324e-01 
6.160000e-01  2.323814e+00  2.130210e+00  1.936038e-01 
6.170000e-01  2.313246e+00  2.090216e+00  2.230296e-01 
6.180000e-01  2.278948e+00  2.066438e+00  2.125105e-01 
6.190000e-01  2.285668e+00  2.084030e+00  2.016380e-01 
6.200000e-01  2.288498e+00  2.092005e+00  1.964929e-01 
6.210000e-01  2.304106e+00  2.111006e+00  1.931001e-01 
6.220000e-01  2.312733e+00  2.130232e+00  1.825013e-01 
6.230000e-01  2.328786e+00  2.158067e+00  1.707190e-01 
6.240000e-01  2.340234e+00  2.185801e+00  1.544328e-01 
6.250000e-01  2.319198e+00  2.182890e+00  1.363080e-01 
6.260000e-01  2.357576e+00  2.216408e+00  1.411679e-01 
6.270000e-01  2.384537e+00  2.248347e+00  1.361900e-01 
6.280000e-01  2.383151e+00  2.209858e+00  1.732928e-01 
6.290000e-01  2.374148e+00  2.218052e+00  1.560960e-01 
6.300000e-01  2.374509e+00  2.199269e+00  1.752396e-01 
6.310000e-01  2.366443e+00  2.198560e+00  1.678836e-01 
6.320000e-01  2.359210e+00  2.192940e+00  1.662698e-01 
6.330000e-01  2.367395e+00  2.220693e+00  1.467017e-01 
6.340000e-01  2.371352e+00  2.236005e+00  1.353473e-01 
6.350000e-01  2.339597e+00  2.234827e+00  1.047704e-01 
6.360000e-01  2.347568e+00  2.223992e+00  1.235756e-01 
6.370000e-01  2.310609e+00  2.153785e+00  1.568238e-01 
6.380000e-01  2.307346e+00  2.130711e+00  1.766344e-01 
6.390000e-01  2.297238e+00  2.090000e+00  2.072378e-01 
6.400000e-01  2.324051e+00  2.101035e+00  2.230157e-01 
6.410000e-01  2.310631e+00  2.085257e+00  2.253746e-01 
6.420000e-01  2.241964e+00  2.014078e+00  2.278859e-01 
6.430000e-01  2.237535e+00  2.006270e+00  2.312655e-01 
6.440000e-01  2.226925e+00  2.006360e+00  2.205652e-01 
6.450000e-01  2.189067e+00  1.983355e+00  2.057114e-01 
6.460000e-01  2.203658e+00  1.984074e+00  2.195842e-01 
6.470000e-01  2.167470e+00  1.961059e+00  2.064107e-01 
6.480000e-01  2.112608e+00  1.899481e+00  2.131273e-01 
6.490000e-01  2.130340e+00  1.945509e+00  1.848314e-01 
6.500000e-01  2.100504e+00  1.898155e+00  2.023494e-01 
6.510000e-01  2.094050e+00  1.876104e+00  2.179453e-01 
6.520000e-01  2.053661e+00  1.851293e+00  2.023683e-01 
6.530000e-01  2.071061e+00  1.895805e+00  1.752563e-01 
6.540000e-01  2.077088e+00  1.911497e+00  1.655901e-01 
6.550000e-01  2.048323e+00  1.859246e+00  1.890773e-01 
6.560000e-01  2.071939e+00  1.884990e+00  1.869488e-01 
6.570000e-01  2.036581e+00  1.819651e+00  2.169306e-01 
6.580000e-01  1.994405e+00  1.774736e+00  2.196692e-01 
6.590000e-01  2.010841e+00  1.815872e+00  1.949681e-01 
6.600000e-01  1.986352e+00  1.785599e+00  2.007538e-01 
6.610000e-01  1.963460e+00  1.766001e+00  1.974591e-01 
6.620000e-01  1.981680e+00  1.791911e+00  1.897692e-01 
6.630000e-01  1.954257e+00  1.762094e+00  1.921631e-01 
6.640000e-01  1.980568e+00  1.755432e+00  2.251360e-01 
6.650000e-01  1.948297e+00  1.732151e+00  2.161457e-01 
6.660000e-01  1.924444e+00  1.694088e+00  2.303558e-01 
6.670000e-01  1.946727e+00  1.743294e+00  2.034326e-01 
6.680000e-01  1.908782e+00  1.727838e+00  1.809446e-01 
6.690000e-01  1.908123e+00  1.709403e+00  1.987194e-01 
6.700000e-01  1.921473e+00  1.733457e+00  1.880159e-01 
6.710000e-01  1.942677e+00  1.747554e+00  1.951229e-01 
6.720000e-01  1.954904e+00  1.748315e+00  2.065890e-01 
6.730000e-01  1.957927e+00  1.719055e+00  2.388723e-01 
6.740000e-01  1.939364e+00  1.726626e+00  2.127382e-01 
6.750000e-01  2.006205e+00  1.789999e+00  2.162061e-01 
6.760000e-01  2.038007e+00  1.802335e+00  2.356720e-01 
6.770000e-01  1.996529e+00  1.741833e+00  2.546962e-01 
6.780000e-01  2.016972e+00  1.774578e+00  2.423942e-01 
6.790000e-01  2.010174e+00  1.771643e+00  2.385305e-01 
6.800000e-01  1.993174e+00  1.726273e+00  2.669010e-01 
6.810000e-01  1.978161e+00  1.696918e+00  2.812439e-01 
6.820000e-01  1.966342e+00  1.670486e+00  2.958561e-01 
6.830000e-01  1.977643e+00  1.708755e+00  2.688871e-01 
6.840000e-01  1.967676e+00  1.693741e+00  2.739358e-01 
6.850000e-01  1.944190e+00  1.654246e+00  2.899442e-01 
6.860000e-01  1.920938e+00  1.613173e+00  3.077653e-01 
6.870000e-01  1.933092e+00  1.636816e+00  2.962758e-01 
6.880000e-01  1.957624e+00  1.650208e+00  3.074162e-01 
6.890000e-01  1.920837e+00  1.603706e+00  3.171314e-01 
6.900000e-01  1.905481e+00  1.561396e+00  3.440852e-01 
6.910000e-01  1.853795e+00  1.511210e+00  3.425854e-01 
6.920000e-01  1.895421e+00  1.571682e+00  3.237390e-01 
6.930000e-01  1.897332e+00  1.579868e+00  3.174638e-01 
6.940000e-01  1.904879e+00  1.598568e+00  3.063115e-01 
6.950000e-01  1.928598e+00  1.615110e+00  3.134883e-01 
6.960000e-01  1.942460e+00  1.605619e+00  3.368403e-01 
6.970000e-01  1.959948e+00  1.634314e+00  3.256340e-01 
6.980000e-01  1.921141e+00  1.606501e+00  3.146397e-01 
6.990000e-01  1.935525e+00  1.638455e+00  2.970698e-01 
7.000000e-01  1.914693e+00  1.605463e+00  3.092302e-01 
7.010000e-01  1.942752e+00  1.664391e+00  2.783608e-01 
7.020000e-01  1.927998e+00  1.678534e+00  2.494645e-01 
7.030000e-01  1.950344e+00  1.702666e+00  2.476777e-01 
7.040000e-01  1.941054e+00  1.692590e+00  2.484636e-01 
7.050000e-01  1.879811e+00  1.618006e+00  2.618049e-01 
7.060000e-01  1.872142e+00  1.582945e+00  2.891972e-01 
7.070000e-01  1.881555e+00  1.595082e+00  2.864730e-01 
7.080000e-01  1.904501e+00  1.607409e+00  2.970922e-01 
7.090000e-01  1.878228e+00  1.572261e+00  3.059666e-01 
7.100000e-01  1.871760e+00  1.560892e+00  3.108679e-01 
7.110000e-01  1.922414e+00  1.588389e+00  3.340250e-01 
7.120000e-01  1.912711e+00  1.593700e+00  3.190103e-01 
7.130000e-01  1.924310e+00  1.591293e+00  3.330168e-01 
7.140000e-01  1.921402e+00  1.614040e+00  3.073620e-01 
7.150000e-01  1.905441e+00  1.574055e+00  3.313862e-01 
7.160000e-01  1.909188e+00  1.575456e+00  3.337325e-01 
7.170000e-01  1.846905e+00  1.519148e+00  3.277569e-01 
7.180000e-01  1.806258e+00  1.472163e+00  3.340949e-01 
7.190000e-01  1.809426e+00  1.433658e+00  3.757683e-01 
7.200000e-01  1.818451e+00  1.440646e+00  3.778050e-01 
7.210000e-01  1.798691e+00  1.428346e+00  3.703445e-01 
7.220000e-01  1.783810e+00  1.420532e+00  3.632782e-01 
7.230000e-01  1.817523e+00  1.458767e+00  3.587565e-01 
7.240000e-01  1.806569e+00  1.435182e+00  3.713876e-01 
7.250000e-01  1.809912e+00  1.452855e+00  3.570568e-01 
7.260000e-01  1.837808e+00  1.488284e+00  3.495240e-01 
7.270000e-01  1.873251e+00  1.579865e+00  2.933860e-01 
7.280000e-01  1.821635e+00  1.539161e+00  2.824745e-01 
7.290000e-01  1.793706e+00  1.493418e+00  3.002875e-01 
7.300000e-01  1.828787e+00  1.515808e+00  3.129791e-01 
7.310000e-01  1.818530e+00  1.511504e+00  3.070267e-01 
7.320000e-01  1.851150e+00  1.526391e+00  3.247582e-01 
7.330000e-01  1.873315e+00  1.534215e+00  3.391001e-01 
7.340000e-01  1.854269e+00  1.526536e+00  3.277323e-01 
7.350000e-01  1.847651e+00  1.525269e+00  3.223822e-01 
7.360000e-01  1.819390e+00  1.478721e+00  3.406697e-01 
7.370000e-01  1.794226e+00  1.473841e+00  3.203852e-01 
7.380000e-01  1.745182e+00  1.456706e+00  2.884752e-01 
7.390000e-01  1.766850e+00  1.461620e+00  3.052300e-01 
7.400000e-01  1.727575e+00  1.416677e+00  3.108974e-01 
7.410000e-01  1.716980e+00  1.413210e+00  3.037699e-01 
7.420000e-01  1.727203e+00  1.419888e+00  3.073147e-01 
7.430000e-01  1.684644e+00  1.374826e+00  3.098181e-01 
7.440000e-01  1.693449e+00  1.414459e+00  2.789894e-01 
7.450000e-01  1.692811e+00  1.408602e+00  2.842086e-01 
7.460000e-01  1.719666e+00  1.424313e+00  2.953535e-01 
7.470000e-01  1.701035e+00  1.409253e+00  2.917827e-01 
7.480000e-01  1.737339e+00  1.413496e+00  3.238435e-01 
7.490000e-01  1.758811e+00  1.435363e+00  3.234478e-01 
7.500000e-01  1.753430e+00  1.441005e+00  3.124246e-01 
7.510000e-01  1.733023e+00  1.419501e+00  3.135224e-01 
7.520000e-01  1.781613e+00  1.462257e+00  3.193568e-01 
7.530000e-01  1.775913e+00  1.431849e+00  3.440641e-01 
7.540000e-01  1.765172e+00  1.429927e+00  3.352446e-01 
7.550000e-01  1.772350e+00  1.472303e+00  3.000469e-01 
7.560000e-01  1.800189e+00  1.497736e+00  3.024534e-01 
7.570000e-01  1.781737e+00  1.491633e+00  2.901035e-01 
7.580000e-01  1.754247e+00  1.464146e+00  2.901005e-01 
7.590000e-01  1.711016e+00  1.419328e+00  2.916874e-01 
7.600000e-01  1.731539e+00  1.450232e+00  2.813067e-01 
7.610000e-01  1.744128e+00  1.479307e+00  2.648211e-01 
7.620000e-01  1.782069e+00  1.511201e+00  2.708683e-01 
7.630000e-01  1.783943e+00  1.500215e+00  2.837278e-01 
7.640000e-01  1.839494e+00  1.550040e+00  2.894540e-01 
7.650000e-01  1.819241e+00  1.541525e+00  2.777161e-01 
7.660000e-01  1.829535e+00  1.581426e+00  2.481093e-01 
7.670000e-01  1.822092e+00  1.587339e+00  2.347525e-01 
7.680000e-01  1.815949e+00  1.583980e+00  2.319693e-01 
7.690000e-01  1.829094e+00  1.592062e+00  2.370319e-01 
7.700000e-01  1.837876e+00  1.590279e+00  2.475976e-01 
7.710000e-01  1.854796e+00  1.599172e+00  2.556235e-01 
7.720000e-01  1.834393e+00  1.591406e+00  2.429865e-01 
7.730000e-01  1.828532e+00  1.595726e+00  2.328058e-01 
7.740000e-01  1.823509e+00  1.571270e+00  2.522397e-01 
7.750000e-01  1.832874e+00  1.580157e+00  2.527170e-01 
7.760000e-01  1.825054e+00  1.585298e+00  2.397554e-01 
7.770000e-01  1.810495e+00  1.550372e+00  2.601234e-01 
7.780000e-01  1.825234e+00  1.566464e+00  2.587697e-01 
7.790000e-01  1.816947e+00  1.567486e+00  2.494613e-01 
7.800000e-01  1.833886e+00  1.626223e+00  2.076630e-01 
7.810000e-01  1.819333e+00  1.596098e+00  2.232345e-01 
7.820000e-01  1.794304e+00  1.576183e+00  2.181214e-01 
7.830000e-01  1.821330e+00  1.596167e+00  2.251636e-01 
7.840000e-01  1.865908e+00  1.658688e+00  2.072204e-01 
7.850000e-01  1.846034e+00  1.613405e+00  2.326294e-01 
7.860000e-01  1.839619e+00  1.605544e+00  2.340743e-01 
7.870000e-01  1.825805e+00  1.601608e+00  2.241978e-01 
7.880000e-01  1.843943e+00  1.610183e+00  2.337593e-01 
7.890000e-01  1.764184e+00  1.534537e+00  2.296468e-01 
7.900000e-01  1.748201e+00  1.500223e+00  2.479776e-01 
7.910000e-01  1.751041e+00  1.464892e+00  2.861481e-01 
7.920000e-01  1.731514e+00  1.458632e+00  2.728821e-01 
7.930000e-01  1.738073e+00  1.461878e+00  2.761946e-01 
7.940000e-01  1.684585e+00  1.400155e+00  2.844306e-01 
7.950000e-01  1.675089e+00  1.395451e+00  2.796386e-01 
7.960000e-01  1.635625e+00  1.328369e+00  3.072559e-01 
7.970000e-01  1.626522e+00  1.327796e+00  2.987262e-01 
7.980000e-01  1.602038e+00  1.311593e+00  2.904445e-01 
7.990000e-01  1.635776e+00  1.363277e+00  2.724988e-01 
8.000000e-01  1.620495e+00  1.356224e+00  2.642710e-01 
8.010000e-01  1.630314e+00  1.375915e+00  2.543989e-01 
8.020000e-01  1.622224e+00  1.378752e+00  2.434727e-01 
8.030000e-01  1.625793e+00  1.379896e+00  2.458971e-01 
8.040000e-01  1.644847e+00  1.416869e+00  2.279786e-01 
8.050000e-01  1.660335e+00  1.438350e+00  2.219851e-01 
8.060000e-01  1.654148e+00  1.422304e+00  2.318449e-01 
8.070000e-01  1.622125e+00  1.370161e+00  2.519646e-01 
8.080000e-01  1.598343e+00  1.341038e+00  2.573052e-01 
8.090000e-01  1.639045e+00  1.374983e+00  2.640619e-01 
8.100000e-01  1.638124e+00  1.377043e+00  2.610810e-01 
8.110000e-01  1.624029e+00  1.354188e+00  2.698411e-01 
8.120000e-01  1.607382e+00  1.351686e+00  2.556959e-01 
8.130000e-01  1.646527e+00  1.373627e+00  2.728994e-01 
8.140000e-01  1.646512e+00  1.347977e+00  2.985348e-01 
8.150000e-01  1.669621e+00  1.389661e+00  2.799606e-01 
8.160000e-01  1.747822e+00  1.459019e+00  2.888032e-01 
8.170000e-01  1.711828e+00  1.412137e+00  2.996912e-01 
8.180000e-01  1.675959e+00  1.399754e+00  2.762045e-01 
8.190000e-01  1.662701e+00  1.381973e+00  2.807281e-01 
8.200000e-01  1.632423e+00  1.337510e+00  2.949133e-01 
8.210000e-01  1.684501e+00  1.410993e+00  2.735079e-01 
8.220000e-01  1.675378e+00  1.406886e+00  2.684918e-01 
8.230000e-01  1.683729e+00  1.437302e+00  2.464275e-01 
8.240000e-01  1.691679e+00  1.434857e+00  2.568218e-01 
8.250000e-01  1.727091e+00  1.408754e+00  3.183372e-01 
8.260000e-01  1.702673e+00  1.406717e+00  2.959560e-01 
8.270000e-01  1.721727e+00  1.443272e+00  2.784550e-01 
8.280000e-01  1.686197e+00  1.376698e+00  3.094989e-01 
8.290000e-01  1.637730e+00  1.338362e+00  2.993679e-01 
8.300000e-01  1.605356e+00  1.314865e+00  2.904910e-01 
8.310000e-01  1.586825e+00  1.272424e+00  3.144006e-01 
8.320000e-01  1.590045e+00  1.287642e+00  3.024025e-01 
8.330000e-01  1.597054e+00  1.253218e+00  3.438358e-01 
8.340000e-01  1.633446e+00  1.281284e+00  3.521629e-01 
8.350000e-01  1.599696e+00  1.243288e+00  3.564076e-01 
8.360000e-01  1.560928e+00  1.204360e+00  3.565679e-01 
8.370000e-01  1.589750e+00  1.233496e+00  3.562539e-01 
8.380000e-01  1.538241e+00  1.197156e+00  3.410852e-01 
8.390000e-01  1.546031e+00  1.200112e+00  3.459189e-01 
8.400000e-01  1.542662e+00  1.216205e+00  3.264567e-01 
8.410000e-01  1.514742e+00  1.192826e+00  3.219164e-01 
8.420000e-01  1.507664e+00  1.164879e+00  3.427854e-01 
8.430000e-01  1.561551e+00  1.210462e+00  3.510888e-01 
8.440000e-01  1.509178e+00  1.180638e+00  3.285396e-01 
8.450000e-01  1.505347e+00  1.180560e+00  3.247863e-01 
8.460000e-01  1.546947e+00  1.203378e+00  3.435686e-01 
8.470000e-01  1.565834e+00  1.225883e+00  3.399507e-01 
8.480000e-01  1.598720e+00  1.252516e+00  3.462036e-01 
8.490000e-01  1.535564e+00  1.192640e+00  3.429236e-01 
8.500000e-01  1.523095e+00  1.186835e+00  3.362604e-01 
8.510000e-01  1.506397e+00  1.177672e+00  3.287251e-01 
8.520000e-01  1.483112e+00  1.144962e+00  3.381496e-01 
8.530000e-01  1.487404e+00  1.133716e+00  3.536883e-01 
8.540000e-01  1.471538e+00  1.112353e+00  3.591850e-01 
8.550000e-01  1.485529e+00  1.120847e+00  3.646813e-01 
8.560000e-01  1.440893e+00  1.091290e+00  3.496025e-01 
8.570000e-01  1.418970e+00  1.083047e+00  3.359232e-01 
8.580000e-01  1.406371e+00  1.062305e+00  3.440658e-01 
8.590000e-01  1.414655e+00  1.071583e+00  3.430722e-01 
8.600000e-01  1.482748e+00  1.133883e+00  3.488650e-01 
8.610000e-01  1.491707e+00  1.143229e+00  3.484772e-01 
8.620000e-01  1.494892e+00  1.159094e+00  3.357979e-01 
8.630000e-01  1.506230e+00  1.163777e+00  3.424528e-01 
8.640000e-01  1.545044e+00  1.208131e+00  3.369133e-01 
8.650000e-01  1.547276e+00  1.202780e+00  3.444954e-01 
8.660000e-01  1.577954e+00  1.199454e+00  3.784994e-01 
8.670000e-01  1.572243e+00  1.192308e+00  3.799360e-01 
8.680000e-01  1.598852e+00  1.231272e+00  3.675801e-01 
8.690000e-01  1.646811e+00  1.262406e+00  3.844054e-01 
8.700000e-01  1.621481e+00  1.244523e+00  3.769573e-01 
8.710000e-01  1.595050e+00  1.252277e+00  3.427737e-01 
8.720000e-01  1.627126e+00  1.268899e+00  3.582272e-01 
8.730000e-01  1.634509e+00  1.293901e+00  3.406078e-01 
8.740000e-01  1.643683e+00  1.308005e+00  3.356783e-01 
8.750000e-01  1.648014e+00  1.296218e+00  3.517962e-01 
8.760000e-01  1.650285e+00  1.299173e+00  3.511122e-01 
8.770000e-01  1.645676e+00  1.288374e+00  3.573022e-01 
8.780000e-01  1.677268e+00  1.346598e+00  3.306694e-01 
8.790000e-01  1.650833e+00  1.312224e+00  3.386094e-01 
8.800000e-01  1.677751e+00  1.335098e+00  3.426522e-01 
8.810000e-01  1.705364e+00  1.375403e+00  3.299612e-01 
8.820000e-01  1.739587e+00  1.401254e+00  3.383331e-01 
8.830000e-01  1.742540e+00  1.410933e+00  3.316064e-01 
8.840000e-01  1.749654e+00  1.418134e+00  3.315199e-01 
8.850000e-01  1.710865e+00  1.412524e+00  2.983410e-01 
8.860000e-01  1.730722e+00  1.442916e+00  2.878061e-01 
8.870000e-01  1.748551e+00  1.430049e+00  3.185021e-01 
8.880000e-01  1.791908e+00  1.473632e+00  3.182760e-01 
8.890000e-01  1.800257e+00  1.476506e+00  3.237509e-01 
8.900000e-01  1.753401e+00  1.411002e+00  3.423992e-01 
8.910000e-01  1.716136e+00  1.384141e+00  3.319951e-01 
8.920000e-01  1.714519e+00  1.399706e+00  3.148136e-01 
8.930000e-01  1.691434e+00  1.411133e+00  2.803012e-01 
8.940000e-01  1.666294e+00  1.378103e+00  2.881908e-01 
8.950000e-01  1.695673e+00  1.391844e+00  3.038290e-01 
8.960000e-01  1.753712e+00  1.436826e+00  3.168857e-01 
8.970000e-01  1.802681e+00  1.521025e+00  2.816564e-01 
8.980000e-01  1.820819e+00  1.528965e+00  2.918540e-01 
8.990000e-01  1.815352e+00  1.501984e+00  3.133685e-01 
9.000000e-01  1.806850e+00  1.501470e+00  3.053804e-01 
9.010000e-01  1.759715e+00  1.476800e+00  2.829147e-01 
9.020000e-01  1.782463e+00  1.508730e+00  2.737328e-01 
9.030000e-01  1.716183e+00  1.428747e+00  2.874357e-01 
9.040000e-01  1.678113e+00  1.407350e+00  2.707630e-01 
9.050000e-01  1.681272e+00  1.404505e+00  2.767664e-01 
9.060000e-01  1.687556e+00  1.415408e+00  2.721480e-01 
9.070000e-01  1.729618e+00  1.492032e+00  2.375858e-01 
9.080000e-01  1.712767e+00  1.490171e+00  2.225957e-01 
9.090000e-01  1.675851e+00  1.436338e+00  2.395137e-01 
9.100000e-01  1.678854e+00  1.432823e+00  2.460311e-01 
9.110000e-01  1.628411e+00  1.416861e+00  2.115499e-01 
9.120000e-01  1.664666e+00  1.456423e+00  2.082431e-01 
9.130000e-01  1.657399e+00  1.436409e+00  2.209895e-01 
9.140000e-01  1.660936e+00  1.445450e+00  2.154865e-01 
9.150000e-01  1.627686e+00  1.391312e+00  2.363744e-01 
9.160000e-01  1.645484e+00  1.398969e+00  2.465148e-01 
9.170000e-01  1.662325e+00  1.423610e+00  2.387145e-01 
9.180000e-01  1.679983e+00  1.446950e+00  2.330330e-01 
9.190000e-01  1.689427e+00  1.439741e+00  2.496865e-01 
9.200000e-01  1.668211e+00  1.410305e+00  2.579066e-01 
9.210000e-01  1.665684e+00  1.388512e+00  2.771717e-01 
9.220000e-01  1.690908e+00  1.400317e+00  2.905914e-01 
9.230000e-01  1.696829e+00  1.414476e+00  2.823532e-01 
9.240000e-01  1.677954e+00  1.378311e+00  2.996424e-01 
9.250000e-01  1.642220e+00  1.332865e+00  3.093547e-01 
9.260000e-01  1.635871e+00  1.317702e+00  3.181697e-01 
9.270000e-01  1.631485e+00  1.295287e+00  3.361986e-01 
9.280000e-01  1.645279e+00  1.304687e+00  3.405926e-01 
9.290000e-01  1.669579e+00  1.329940e+00  3.396390e-01 
9.300000e-01  1.635344e+00  1.308941e+00  3.264025e-01 
9.310000e-01  1.635991e+00  1.329704e+00  3.062867e-01 
9.320000e-01  1.606627e+00  1.341181e+00  2.654461e-01 
9.330000e-01  1.582796e+00  1.319527e+00  2.632693e-01 
9.340000e-01  1.549392e+00  1.286525e+00  2.628678e-01 
9.350000e-01  1.523309e+00  1.251072e+00  2.722371e-01 
9.360000e-01  1.546240e+00  1.251778e+00  2.944611e-01 
9.370000e-01  1.564865e+00  1.280153e+00  2.847120e-01 
9.380000e-01  1.576621e+00  1.308790e+00  2.678319e-01 
9.390000e-01  1.546943e+00  1.287665e+00  2.592783e-01 
9.400000e-01  1.569611e+00  1.306816e+00  2.627950e-01 
9.410000e-01  1.565055e+00  1.310740e+00  2.543151e-01 
9.420000e-01  1.596335e+00  1.331843e+00  2.644914e-01 
9.430000e-01  1.618197e+00  1.383231e+00  2.349662e-01 
9.440000e-01  1.688927e+00  1.445278e+00  2.436490e-01 
9.450000e-01  1.669702e+00  1.433172e+00  2.365303e-01 
9.460000e-01  1.633293e+00  1.400659e+00  2.326343e-01 
9.470000e-01  1.645321e+00  1.417618e+00  2.277028e-01 
9.480000e-01  1.637342e+00  1.400469e+00  2.368728e-01 
9.490000e-01  1.641123e+00  1.404007e+00  2.371163e-01 
9.500000e-01  1.691444e+00  1.456297e+00  2.351473e-01 
9.510000e-01  1.695610e+00  1.460421e+00  2.351892e-01 
9.520000e-01  1.724403e+00  1.477775e+00  2.466280e-01 
9.530000e-01  1.679976e+00  1.433535e+00  2.464416e-01 
9.540000e-01  1.660805e+00  1.394405e+00  2.663997e-01 
9.550000e-01  1.672326e+00  1.401054e+00  2.712721e-01 
9.560000e-01  1.696358e+00  1.409946e+00  2.864122e-01 
9.570000e-01  1.666548e+00  1.349541e+00  3.170079e-01 
9.580000e-01  1.685199e+00  1.377573e+00  3.076261e-01 
9.590000e-01  1.665869e+00  1.365569e+00  3.003001e-01 
9.600000e-01  1.689353e+00  1.359127e+00  3.302265e-01 
9.610000e-01  1.657292e+00  1.317468e+00  3.398237e-01 
9.620000e-01  1.706452e+00  1.360028e+00  3.464241e-01 
9.630000e-01  1.760538e+00  1.426542e+00  3.339964e-01 
9.640000e-01  1.729491e+00  1.413973e+00  3.155174e-01 
9.650000e-01  1.726525e+00  1.408429e+00  3.180966e-01 
9.660000e-01  1.760357e+00  1.437437e+00  3.229195e-01 
9.670000e-01  1.733882e+00  1.367400e+00  3.664816e-01 
9.680000e-01  1.730561e+00  1.342951e+00  3.876102e-01 
9.690000e-01  1.714363e+00  1.308287e+00  4.060759e-01 
9.700000e-01  1.703312e+00  1.280027e+00  4.232842e-01 
9.710000e-01  1.724913e+00  1.317977e+00  4.069357e-01 
9.720000e-01  1.710028e+00  1.294533e+00  4.154947e-01 
9.730000e-01  1.751181e+00  1.368759e+00  3.824219e-01 
9.740000e-01  1.754054e+00  1.378610e+00  3.754439e-01 
9.750000e-01  1.759810e+00  1.378239e+00  3.815715e-01 
9.760000e-01  1.721786e+00  1.326994e+00  3.947928e-01 
9.770000e-01  1.709601e+00  1.329456e+00  3.801456e-01 
9.780000e-01  1.709468e+00  1.343314e+00  3.661540e-01 
9.790000e-01  1.742724e+00  1.380327e+00  3.623969e-01 
9.800000e-01  1.739691e+00  1.386606e+00  3.530855e-01 
9.810000e-01  1.712408e+00  1.374717e+00  3.376913e-01 
9.820000e-01  1.765278e+00  1.444093e+00  3.211843e-01 
9.830000e-01  1.752921e+00  1.422035e+00  3.308851e-01 
9.840000e-01  1.764214e+00  1.421662e+00  3.425517e-01 
9.850000e-01  1.782204e+00  1.460470e+00  3.217338e-01 
9.860000e-01  1.787275e+00  1.471662e+00  3.156128e-01 
9.870000e-01  1.763330e+00  1.432489e+00  3.308415e-01 
9.880000e-01  1.762060e+00  1.439851e+00  3.222087e-01 
9.890000e-01  1.775167e+00  1.484630e+00  2.905368e-01 
9.900000e-01  1.765779e+00  1.490402e+00  2.753775e-01 
9.910000e-01  1.722983e+00  1.435520e+00  2.874635e-01 
9.920000e-01  1.763150e+00  1.467607e+00  2.955429e-01 
9.930000e-01  1.786547e+00  1.511015e+00  2.755320e-01 
9.940000e-01  1.761058e+00  1.504799e+00  2.562590e-01 
9.950000e-01  1.761957e+00  1.492620e+00  2.693365e-01 
9.960000e-01  1.768625e+00  1.516927e+00  2.516983e-01 
9.970000e-01  1.746080e+00  1.469585e+00  2.764952e-01 
9.980000e-01  1.737304e+00  1.441427e+00  2.958769e-01 
9.990000e-01  1.721231e+00  1.421730e+00  2.995011e-01 
