0.000000e+00  1.000000e+00  1.000000e+00  0.000000e+00 
1.000000e-03  9.873142e-01  9.839160e-01  3.398172e-03 
2.000000e-03  9.837117e-01  9.829160e-01  7.956958e-04 
3.000000e-03  9.297332e-01  9.306764e-01  -9.431674e-04 
4.000000e-03  9.250632e-01  9.254202e-01  -3.569760e-04 
5.000000e-03  9.254056e-01  9.252717e-01  1.339707e-04 
6.000000e-03  9.446152e-01  9.512235e-01  -6.608326e-03 
7.000000e-03  9.651705e-01  9.734851e-01  -8.314523e-03 
8.000000e-03  9.662166e-01  9.756033e-01  -9.386682e-03 
9.000000e-03  9.668860e-01  9.768570e-01  -9.971038e-03 
1.000000e-02  9.593807e-01  9.674309e-01  -8.050242e-03 
1.100000e-02  9.436579e-01  9.490340e-01  -5.376024e-03 
1.200000e-02  9.269256e-01  9.314059e-01  -4.480286e-03 
1.300000e-02  9.890579e-01  9.924652e-01  -3.407286e-03 
1.400000e-02  9.784715e-01  9.855059e-01  -7.034378e-03 
1.500000e-02  1.049360e+00  1.056709e+00  -7.348773e-03 
1.600000e-02  1.034981e+00  1.044708e+00  -9.726164e-03 
1.700000e-02  1.043786e+00  1.052667e+00  -8.881395e-03 
1.800000e-02  1.046424e+00  1.058306e+00  -1.188162e-02 
1.900000e-02  1.101040e+00  1.111912e+00  -1.087174e-02 
2.000000e-02  1.146775e+00  1.154614e+00  -7.838778e-03 
2.100000e-02  1.174652e+00  1.180949e+00  -6.296271e-03 
2.200000e-02  1.203076e+00  1.208152e+00  -5.076331e-03 
2.300000e-02  1.156652e+00  1.165149e+00  -8.496492e-03 
2.400000e-02  1.168501e+00  1.174105e+00  -5.604035e-03 
2.500000e-02  1.160314e+00  1.164369e+00  -4.055353e-03 
2.600000e-02  1.205732e+00  1.210416e+00  -4.683826e-03 
2.700000e-02  1.168763e+00  1.174628e+00  -5.864652e-03 
2.800000e-02  1.145424e+00  1.147141e+00  -1.716975e-03 
2.900000e-02  1.128162e+00  1.128302e+00  -1.401296e-04 
3.000000e-02  1.141567e+00  1.139750e+00  1.817852e-03 
3.100000e-02  1.141104e+00  1.143022e+00  -1.917329e-03 
3.200000e-02  1.139040e+00  1.143714e+00  -4.674513e-03 
3.300000e-02  1.135080e+00  1.141602e+00  -6.521905e-03 
3.400000e-02  1.137403e+00  1.143907e+00  -6.504621e-03 
3.500000e-02  1.136315e+00  1.144018e+00  -7.702589e-03 
3.600000e-02  1.140459e+00  1.153066e+00  -1.260741e-02 
3.700000e-02  1.163684e+00  1.176437e+00  -1.275299e-02 
3.800000e-02  1.155075e+00  1.167343e+00  -1.226758e-02 
3.900000e-02  1.156007e+00  1.168477e+00  -1.247015e-02 
4.000000e-02  1.221362e+00  1.231434e+00  -1.007189e-02 
4.100000e-02  1.269998e+00  1.280463e+00  -1.046541e-02 
4.200000e-02  1.301988e+00  1.314740e+00  -1.275197e-02 
4.300000e-02  1.320109e+00  1.332165e+00  -1.205661e-02 
4.400000e-02  1.325827e+00  1.343332e+00  -1.750495e-02 
4.500000e-02  1.284740e+00  1.301732e+00  -1.699200e-02 
4.600000e-02  1.237977e+00  1.252954e+00  -1.497703e-02 
4.700000e-02  1.186555e+00  1.201570e+00  -1.501444e-02 
4.800000e-02  1.177899e+00  1.195063e+00  -1.716473e-02 
4.900000e-02  1.182059e+00  1.199016e+00  -1.695691e-02 
5.000000e-02  1.132489e+00  1.147974e+00  -1.548514e-02 
5.100000e-02  1.120930e+00  1.140100e+00  -1.917040e-02 
5.200000e-02  1.101752e+00  1.122934e+00  -2.118222e-02 
5.300000e-02  1.147272e+00  1.164350e+00  -1.707785e-02 
5.400000e-02  1.181599e+00  1.201155e+00  -1.955681e-02 
5.500000e-02  1.143396e+00  1.168316e+00  -2.491958e-02 
5.600000e-02  1.141847e+00  1.169523e+00  -2.767552e-02 
5.700000e-02  1.169595e+00  1.200677e+00  -3.108240e-02 
5.800000e-02  1.175605e+00  1.208763e+00  -3.315816e-02 
5.900000e-02  1.280983e+00  1.317072e+00  -3.608900e-02 
6.000000e-02  1.270164e+00  1.300775e+00  -3.061120e-02 
6.100000e-02  1.291524e+00  1.324676e+00  -3.315137e-02 
6.200000e-02  1.272955e+00  1.304232e+00  -3.127642e-02 
6.300000e-02  1.237977e+00  1.268019e+00  -3.004201e-02 
6.400000e-02  1.254657e+00  1.285457e+00  -3.079969e-02 
6.500000e-02  1.277154e+00  1.305107e+00  -2.795351e-02 
6.600000e-02  1.224641e+00  1.255718e+00  -3.107739e-02 
6.700000e-02  1.260456e+00  1.293296e+00  -3.283940e-02 
6.800000e-02  1.254214e+00  1.288370e+00  -3.415600e-02 
6.900000e-02  1.308647e+00  1.338324e+00  -2.967659e-02 
7.000000e-02  1.386343e+00  1.415237e+00  -2.889489e-02 
7.100000e-02  1.390732e+00  1.421334e+00  -3.060255e-02 
7.200000e-02  1.426897e+00  1.450189e+00  -2.329153e-02 
7.300000e-02  1.427331e+00  1.454445e+00  -2.711390e-02 
7.400000e-02  1.427892e+00  1.454534e+00  -2.664218e-02 
7.500000e-02  1.420185e+00  1.446334e+00  -2.614886e-02 
7.600000e-02  1.373991e+00  1.395604e+00  -2.161300e-02 
7.700000e-02  1.403078e+00  1.429573e+00  -2.649500e-02 
7.800000e-02  1.394154e+00  1.426549e+00  -3.239513e-02 
7.900000e-02  1.430795e+00  1.462146e+00  -3.135065e-02 
8.000000e-02  1.474092e+00  1.499486e+00  -2.539350e-02 
8.100000e-02  1.404920e+00  1.432609e+00  -2.768917e-02 
8.200000e-02  1.416056e+00  1.443647e+00  -2.759084e-02 
8.300000e-02  1.372017e+00  1.396788e+00  -2.477121e-02 
8.400000e-02  1.352174e+00  1.381835e+00  -2.966078e-02 
8.500000e-02  1.363237e+00  1.390006e+00  -2.676866e-02 
8.600000e-02  1.366834e+00  1.392297e+00  -2.546286e-02 
8.700000e-02  1.341891e+00  1.371054e+00  -2.916295e-02 
8.800000e-02  1.346105e+00  1.368585e+00  -2.247986e-02 
8.900000e-02  1.350321e+00  1.375558e+00  -2.523671e-02 
9.000000e-02  1.340297e+00  1.364679e+00  -2.438203e-02 
9.100000e-02  1.355189e+00  1.375337e+00  -2.014823e-02 
9.200000e-02  1.345938e+00  1.363026e+00  -1.708850e-02 
9.300000e-02  1.364847e+00  1.382456e+00  -1.760923e-02 
9.400000e-02  1.343658e+00  1.361613e+00  -1.795445e-02 
9.500000e-02  1.332880e+00  1.347578e+00  -1.469825e-02 
9.600000e-02  1.349870e+00  1.362859e+00  -1.298974e-02 
9.700000e-02  1.333772e+00  1.341914e+00  -8.141997e-03 
9.800000e-02  1.363914e+00  1.370259e+00  -6.345336e-03 
9.900000e-02  1.373168e+00  1.377333e+00  -4.165501e-03 
1.000000e-01  1.365223e+00  1.376086e+00  -1.086205e-02 
1.010000e-01  1.348036e+00  1.358723e+00  -1.068623e-02 
1.020000e-01  1.351309e+00  1.357347e+00  -6.037544e-03 
1.030000e-01  1.318916e+00  1.326282e+00  -7.366691e-03 
1.040000e-01  1.303314e+00  1.313295e+00  -9.980316e-03 
1.050000e-01  1.332454e+00  1.341141e+00  -8.686829e-03 
1.060000e-01  1.329484e+00  1.345685e+00  -1.620111e-02 
1.070000e-01  1.385471e+00  1.397734e+00  -1.226275e-02 
1.080000e-01  1.395259e+00  1.408793e+00  -1.353366e-02 
1.090000e-01  1.395749e+00  1.409669e+00  -1.392035e-02 
1.100000e-01  1.412830e+00  1.431058e+00  -1.822841e-02 
1.110000e-01  1.418729e+00  1.446645e+00  -2.791686e-02 
1.120000e-01  1.444884e+00  1.467239e+00  -2.235506e-02 
1.130000e-01  1.392673e+00  1.418166e+00  -2.549335e-02 
1.140000e-01  1.375688e+00  1.400135e+00  -2.444756e-02 
1.150000e-01  1.414768e+00  1.431322e+00  -1.655469e-02 
1.160000e-01  1.397081e+00  1.412376e+00  -1.529468e-02 
1.170000e-01  1.408398e+00  1.429120e+00  -2.072153e-02 
1.180000e-01  1.408430e+00  1.430737e+00  -2.230630e-02 
1.190000e-01  1.343851e+00  1.367391e+00  -2.354016e-02 
1.200000e-01  1.445956e+00  1.463071e+00  -1.711496e-02 
1.210000e-01  1.442729e+00  1.456249e+00  -1.351998e-02 
1.220000e-01  1.377995e+00  1.395693e+00  -1.769750e-02 
1.230000e-01  1.380288e+00  1.392065e+00  -1.177654e-02 
1.240000e-01  1.366985e+00  1.381789e+00  -1.480397e-02 
1.250000e-01  1.354119e+00  1.363644e+00  -9.525526e-03 
1.260000e-01  1.317228e+00  1.325789e+00  -8.561625e-03 
1.270000e-01  1.313942e+00  1.322961e+00  -9.019134e-03 
1.280000e-01  1.337150e+00  1.343429e+00  -6.278940e-03 
1.290000e-01  1.327336e+00  1.343001e+00  -1.566562e-02 
1.300000e-01  1.363973e+00  1.381517e+00  -1.754407e-02 
1.310000e-01  1.350598e+00  1.365423e+00  -1.482514e-02 
1.320000e-01  1.331319e+00  1.341268e+00  -9.948512e-03 
1.330000e-01  1.362284e+00  1.375495e+00  -1.321103e-02 
1.340000e-01  1.422596e+00  1.433031e+00  -1.043517e-02 
1.350000e-01  1.460387e+00  1.471647e+00  -1.126056e-02 
1.360000e-01  1.405409e+00  1.421659e+00  -1.625002e-02 
1.370000e-01  1.358681e+00  1.377397e+00  -1.871616e-02 
1.380000e-01  1.387704e+00  1.410871e+00  -2.316731e-02 
1.390000e-01  1.414562e+00  1.438355e+00  -2.379230e-02 
1.400000e-01  1.401138e+00  1.420532e+00  -1.939409e-02 
1.410000e-01  1.425864e+00  1.441950e+00  -1.608597e-02 
1.420000e-01  1.422079e+00  1.439427e+00  -1.734807e-02 
1.430000e-01  1.433995e+00  1.446652e+00  -1.265708e-02 
1.440000e-01  1.395354e+00  1.405606e+00  -1.025186e-02 
1.450000e-01  1.424997e+00  1.433393e+00  -8.396025e-03 
1.460000e-01  1.466449e+00  1.475326e+00  -8.876838e-03 
1.470000e-01  1.495775e+00  1.504295e+00  -8.519881e-03 
1.480000e-01  1.542795e+00  1.551643e+00  -8.847703e-03 
1.490000e-01  1.591718e+00  1.598531e+00  -6.812495e-03 
1.500000e-01  1.621039e+00  1.622726e+00  -1.687162e-03 
1.510000e-01  1.656194e+00  1.662290e+00  -6.096036e-03 
1.520000e-01  1.698755e+00  1.707137e+00  -8.381800e-03 
1.530000e-01  1.625952e+00  1.631673e+00  -5.721265e-03 
1.540000e-01  1.566609e+00  1.571854e+00  -5.244884e-03 
1.550000e-01  1.561461e+00  1.563320e+00  -1.858499e-03 
1.560000e-01  1.519222e+00  1.526259e+00  -7.036428e-03 
1.570000e-01  1.499183e+00  1.507285e+00  -8.101272e-03 
1.580000e-01  1.522924e+00  1.532253e+00  -9.329003e-03 
1.590000e-01  1.501183e+00  1.508278e+00  -7.094932e-03 
1.600000e-01  1.568056e+00  1.570551e+00  -2.494484e-03 
1.610000e-01  1.617923e+00  1.614214e+00  3.708664e-03 
1.620000e-01  1.594865e+00  1.599638e+00  -4.773274e-03 
1.630000e-01  1.572245e+00  1.575325e+00  -3.080525e-03 
1.640000e-01  1.621457e+00  1.626123e+00  -4.666261e-03 
1.650000e-01  1.614760e+00  1.622149e+00  -7.389668e-03 
1.660000e-01  1.602491e+00  1.608046e+00  -5.554801e-03 
1.670000e-01  1.653719e+00  1.660898e+00  -7.179421e-03 
1.680000e-01  1.626892e+00  1.637131e+00  -1.023982e-02 
1.690000e-01  1.603707e+00  1.614826e+00  -1.111983e-02 
1.700000e-01  1.604254e+00  1.613359e+00  -9.105566e-03 
1.710000e-01  1.571706e+00  1.576443e+00  -4.736974e-03 
1.720000e-01  1.529822e+00  1.540924e+00  -1.110199e-02 
1.730000e-01  1.509307e+00  1.520075e+00  -1.076811e-02 
1.740000e-01  1.484894e+00  1.492710e+00  -7.816480e-03 
1.750000e-01  1.465882e+00  1.475324e+00  -9.442009e-03 
1.760000e-01  1.449373e+00  1.464959e+00  -1.558552e-02 
1.770000e-01  1.457338e+00  1.472613e+00  -1.527477e-02 
1.780000e-01  1.492566e+00  1.513367e+00  -2.080026e-02 
1.790000e-01  1.467839e+00  1.493073e+00  -2.523397e-02 
1.800000e-01  1.457756e+00  1.479293e+00  -2.153718e-02 
1.810000e-01  1.459425e+00  1.477653e+00  -1.822815e-02 
1.820000e-01  1.426351e+00  1.447229e+00  -2.087865e-02 
1.830000e-01  1.435868e+00  1.453058e+00  -1.718947e-02 
1.840000e-01  1.458944e+00  1.476812e+00  -1.786795e-02 
1.850000e-01  1.436562e+00  1.456133e+00  -1.957117e-02 
1.860000e-01  1.454508e+00  1.477381e+00  -2.287262e-02 
1.870000e-01  1.444842e+00  1.466534e+00  -2.169210e-02 
1.880000e-01  1.471449e+00  1.497441e+00  -2.599200e-02 
1.890000e-01  1.437538e+00  1.462761e+00  -2.522329e-02 
1.900000e-01  1.418511e+00  1.443068e+00  -2.455678e-02 
1.910000e-01  1.463753e+00  1.492962e+00  -2.920871e-02 
1.920000e-01  1.410356e+00  1.441895e+00  -3.153908e-02 
1.930000e-01  1.400100e+00  1.432294e+00  -3.219444e-02 
1.940000e-01  1.324664e+00  1.362170e+00  -3.750564e-02 
1.950000e-01  1.262399e+00  1.300733e+00  -3.833389e-02 
1.960000e-01  1.255648e+00  1.298354e+00  -4.270597e-02 
1.970000e-01  1.228113e+00  1.268455e+00  -4.034192e-02 
1.980000e-01  1.229305e+00  1.267676e+00  -3.837116e-02 
1.990000e-01  1.185240e+00  1.223518e+00  -3.827814e-02 
2.000000e-01  1.240093e+00  1.280867e+00  -4.077460e-02 
2.010000e-01  1.232224e+00  1.268873e+00  -3.664940e-02 
2.020000e-01  1.289175e+00  1.325950e+00  -3.677550e-02 
2.030000e-01  1.322236e+00  1.359525e+00  -3.728895e-02 
2.040000e-01  1.286992e+00  1.329034e+00  -4.204146e-02 
2.050000e-01  1.271627e+00  1.315735e+00  -4.410794e-02 
2.060000e-01  1.188579e+00  1.233010e+00  -4.443044e-02 
2.070000e-01  1.196909e+00  1.237758e+00  -4.084838e-02 
2.080000e-01  1.243555e+00  1.288301e+00  -4.474667e-02 
2.090000e-01  1.168744e+00  1.218936e+00  -5.019174e-02 
2.100000e-01  1.230358e+00  1.283601e+00  -5.324243e-02 
2.110000e-01  1.224833e+00  1.274949e+00  -5.011605e-02 
2.120000e-01  1.193262e+00  1.241596e+00  -4.833409e-02 
2.130000e-01  1.165642e+00  1.213603e+00  -4.796073e-02 
2.140000e-01  1.193237e+00  1.242446e+00  -4.920897e-02 
2.150000e-01  1.188852e+00  1.237234e+00  -4.838216e-02 
2.160000e-01  1.196089e+00  1.245488e+00  -4.939973e-02 
2.170000e-01  1.254190e+00  1.302264e+00  -4.807394e-02 
2.180000e-01  1.228820e+00  1.275175e+00  -4.635469e-02 
2.190000e-01  1.279466e+00  1.322889e+00  -4.342330e-02 
2.200000e-01  1.323565e+00  1.370782e+00  -4.721667e-02 
2.210000e-01  1.302320e+00  1.344448e+00  -4.212838e-02 
2.220000e-01  1.343494e+00  1.384432e+00  -4.093863e-02 
2.230000e-01  1.388472e+00  1.428772e+00  -4.029999e-02 
2.240000e-01  1.388853e+00  1.427544e+00  -3.869080e-02 
2.250000e-01  1.379352e+00  1.418555e+00  -3.920212e-02 
2.260000e-01  1.359506e+00  1.397619e+00  -3.811239e-02 
2.270000e-01  1.362267e+00  1.402669e+00  -4.040201e-02 
2.280000e-01  1.361793e+00  1.407598e+00  -4.580497e-02 
2.290000e-01  1.350698e+00  1.402726e+00  -5.202806e-02 
2.300000e-01  1.345246e+00  1.395264e+00  -5.001821e-02 
2.310000e-01  1.414372e+00  1.467028e+00  -5.265623e-02 
2.320000e-01  1.414872e+00  1.471018e+00  -5.614590e-02 
2.330000e-01  1.434484e+00  1.489045e+00  -5.456093e-02 
2.340000e-01  1.428202e+00  1.477938e+00  -4.973564e-02 
2.350000e-01  1.425833e+00  1.476199e+00  -5.036579e-02 
2.360000e-01  1.414980e+00  1.470104e+00  -5.512482e-02 
2.370000e-01  1.404848e+00  1.458830e+00  -5.398172e-02 
2.380000e-01  1.438221e+00  1.481980e+00  -4.375972e-02 
2.390000e-01  1.491727e+00  1.530197e+00  -3.846976e-02 
2.400000e-01  1.453114e+00  1.489339e+00  -3.622478e-02 
2.410000e-01  1.477548e+00  1.514299e+00  -3.675170e-02 
2.420000e-01  1.475396e+00  1.516064e+00  -4.066816e-02 
2.430000e-01  1.469780e+00  1.512996e+00  -4.321547e-02 
2.440000e-01  1.479977e+00  1.527761e+00  -4.778432e-02 
2.450000e-01  1.480008e+00  1.528811e+00  -4.880350e-02 
2.460000e-01  1.504922e+00  1.551921e+00  -4.699893e-02 
2.470000e-01  1.527344e+00  1.580729e+00  -5.338417e-02 
2.480000e-01  1.548655e+00  1.597616e+00  -4.896146e-02 
2.490000e-01  1.575765e+00  1.625612e+00  -4.984760e-02 
2.500000e-01  1.551698e+00  1.600966e+00  -4.926752e-02 
2.510000e-01  1.532983e+00  1.582928e+00  -4.994533e-02 
2.520000e-01  1.492999e+00  1.546600e+00  -5.360127e-02 
2.530000e-01  1.495208e+00  1.550851e+00  -5.564337e-02 
2.540000e-01  1.501958e+00  1.558823e+00  -5.686451e-02 
2.550000e-01  1.515305e+00  1.574761e+00  -5.945593e-02 
2.560000e-01  1.485296e+00  1.551600e+00  -6.630414e-02 
2.570000e-01  1.447010e+00  1.518186e+00  -7.117609e-02 
2.580000e-01  1.444945e+00  1.517248e+00  -7.230261e-02 
2.590000e-01  1.459700e+00  1.532621e+00  -7.292097e-02 
2.600000e-01  1.442313e+00  1.522388e+00  -8.007514e-02 
2.610000e-01  1.449350e+00  1.525858e+00  -7.650775e-02 
2.620000e-01  1.415161e+00  1.487812e+00  -7.265112e-02 
2.630000e-01  1.373678e+00  1.447349e+00  -7.367088e-02 
2.640000e-01  1.396808e+00  1.467034e+00  -7.022543e-02 
2.650000e-01  1.404625e+00  1.473198e+00  -6.857353e-02 
2.660000e-01  1.319485e+00  1.389378e+00  -6.989352e-02 
2.670000e-01  1.290992e+00  1.365003e+00  -7.401142e-02 
2.680000e-01  1.334264e+00  1.409726e+00  -7.546142e-02 
2.690000e-01  1.326039e+00  1.396432e+00  -7.039337e-02 
2.700000e-01  1.338444e+00  1.405629e+00  -6.718576e-02 
2.710000e-01  1.300669e+00  1.363436e+00  -6.276709e-02 
2.720000e-01  1.301400e+00  1.368892e+00  -6.749182e-02 
2.730000e-01  1.281951e+00  1.347268e+00  -6.531692e-02 
2.740000e-01  1.286004e+00  1.350712e+00  -6.470842e-02 
2.750000e-01  1.367967e+00  1.430779e+00  -6.281198e-02 
2.760000e-01  1.359971e+00  1.422314e+00  -6.234245e-02 
2.770000e-01  1.385501e+00  1.452107e+00  -6.660622e-02 
2.780000e-01  1.368046e+00  1.439194e+00  -7.114885e-02 
2.790000e-01  1.365655e+00  1.438053e+00  -7.239794e-02 
2.800000e-01  1.296777e+00  1.368131e+00  -7.135412e-02 
2.810000e-01  1.288375e+00  1.354818e+00  -6.644260e-02 
2.820000e-01  1.260865e+00  1.328737e+00  -6.787150e-02 
2.830000e-01  1.281227e+00  1.343540e+00  -6.231259e-02 
2.840000e-01  1.308212e+00  1.369078e+00  -6.086550e-02 
2.850000e-01  1.301440e+00  1.362369e+00  -6.092861e-02 
2.860000e-01  1.337402e+00  1.403087e+00  -6.568561e-02 
2.870000e-01  1.321753e+00  1.388799e+00  -6.704553e-02 
2.880000e-01  1.324259e+00  1.390317e+00  -6.605848e-02 
2.890000e-01  1.367219e+00  1.431963e+00  -6.474417e-02 
2.900000e-01  1.351363e+00  1.420044e+00  -6.868143e-02 
2.910000e-01  1.301395e+00  1.371782e+00  -7.038646e-02 
2.920000e-01  1.300718e+00  1.373574e+00  -7.285610e-02 
2.930000e-01  1.351966e+00  1.422356e+00  -7.039007e-02 
2.940000e-01  1.327076e+00  1.399520e+00  -7.244401e-02 
2.950000e-01  1.309614e+00  1.385132e+00  -7.551737e-02 
2.960000e-01  1.321665e+00  1.397761e+00  -7.609600e-02 
2.970000e-01  1.309325e+00  1.383119e+00  -7.379460e-02 
2.980000e-01  1.337277e+00  1.410258e+00  -7.298102e-02 
2.990000e-01  1.393184e+00  1.463044e+00  -6.985986e-02 
3.000000e-01  1.363399e+00  1.428115e+00  -6.471612e-02 
3.010000e-01  1.372467e+00  1.438839e+00  -6.637230e-02 
3.020000e-01  1.383917e+00  1.448097e+00  -6.417994e-02 
3.030000e-01  1.412888e+00  1.472079e+00  -5.919126e-02 
3.040000e-01  1.464017e+00  1.522635e+00  -5.861865e-02 
3.050000e-01  1.484311e+00  1.547107e+00  -6.279607e-02 
3.060000e-01  1.501402e+00  1.567461e+00  -6.605919e-02 
3.070000e-01  1.541289e+00  1.610664e+00  -6.937465e-02 
3.080000e-01  1.505111e+00  1.571354e+00  -6.624266e-02 
3.090000e-01  1.516786e+00  1.578913e+00  -6.212716e-02 
3.100000e-01  1.471988e+00  1.532836e+00  -6.084850e-02 
3.110000e-01  1.516209e+00  1.580780e+00  -6.457104e-02 
3.120000e-01  1.573496e+00  1.644037e+00  -7.054151e-02 
3.130000e-01  1.594455e+00  1.666461e+00  -7.200627e-02 
3.140000e-01  1.574388e+00  1.644951e+00  -7.056278e-02 
3.150000e-01  1.574374e+00  1.647681e+00  -7.330736e-02 
3.160000e-01  1.572748e+00  1.640156e+00  -6.740738e-02 
3.170000e-01  1.573797e+00  1.641063e+00  -6.726580e-02 
3.180000e-01  1.591287e+00  1.661076e+00  -6.978860e-02 
3.190000e-01  1.582108e+00  1.654269e+00  -7.216116e-02 
3.200000e-01  1.618343e+00  1.690273e+00  -7.193052e-02 
3.210000e-01  1.626117e+00  1.705619e+00  -7.950125e-02 
3.220000e-01  1.625946e+00  1.706496e+00  -8.055070e-02 
3.230000e-01  1.595903e+00  1.680443e+00  -8.453968e-02 
3.240000e-01  1.573533e+00  1.657002e+00  -8.346836e-02 
3.250000e-01  1.554131e+00  1.636752e+00  -8.262107e-02 
3.260000e-01  1.553617e+00  1.635427e+00  -8.181007e-02 
3.270000e-01  1.580064e+00  1.661985e+00  -8.192128e-02 
3.280000e-01  1.568667e+00  1.647584e+00  -7.891689e-02 
3.290000e-01  1.540418e+00  1.618955e+00  -7.853641e-02 
3.300000e-01  1.537544e+00  1.614235e+00  -7.669149e-02 
3.310000e-01  1.476687e+00  1.548322e+00  -7.163438e-02 
3.320000e-01  1.515416e+00  1.586376e+00  -7.095957e-02 
3.330000e-01  1.568856e+00  1.637513e+00  -6.865704e-02 
3.340000e-01  1.573697e+00  1.642323e+00  -6.862622e-02 
3.350000e-01  1.579207e+00  1.642540e+00  -6.333299e-02 
3.360000e-01  1.595272e+00  1.658743e+00  -6.347044e-02 
3.370000e-01  1.612817e+00  1.677097e+00  -6.427940e-02 
3.380000e-01  1.623286e+00  1.684984e+00  -6.169836e-02 
3.390000e-01  1.652113e+00  1.717340e+00  -6.522635e-02 
3.400000e-01  1.633739e+00  1.692621e+00  -5.888270e-02 
3.410000e-01  1.662994e+00  1.723619e+00  -6.062453e-02 
3.420000e-01  1.633383e+00  1.699015e+00  -6.563238e-02 
3.430000e-01  1.654918e+00  1.715760e+00  -6.084166e-02 
3.440000e-01  1.650509e+00  1.712358e+00  -6.184876e-02 
3.450000e-01  1.612391e+00  1.666952e+00  -5.456092e-02 
3.460000e-01  1.635166e+00  1.696866e+00  -6.170013e-02 
3.470000e-01  1.643866e+00  1.709780e+00  -6.591395e-02 
3.480000e-01  1.641711e+00  1.704866e+00  -6.315534e-02 
3.490000e-01  1.662338e+00  1.728486e+00  -6.614820e-02 
3.500000e-01  1.662997e+00  1.723132e+00  -6.013568e-02 
3.510000e-01  1.653934e+00  1.716992e+00  -6.305796e-02 
3.520000e-01  1.635197e+00  1.704735e+00  -6.953828e-02 
3.530000e-01  1.616822e+00  1.689989e+00  -7.316726e-02 
3.540000e-01  1.682381e+00  1.761023e+00  -7.864181e-02 
3.550000e-01  1.671587e+00  1.742598e+00  -7.101153e-02 
3.560000e-01  1.629726e+00  1.705499e+00  -7.577237e-02 
3.570000e-01  1.621113e+00  1.701570e+00  -8.045672e-02 
3.580000e-01  1.620400e+00  1.695454e+00  -7.505452e-02 
3.590000e-01  1.683314e+00  1.753708e+00  -7.039402e-02 
3.600000e-01  1.724688e+00  1.800279e+00  -7.559129e-02 
3.610000e-01  1.764263e+00  1.835171e+00  -7.090741e-02 
3.620000e-01  1.746680e+00  1.812687e+00  -6.600706e-02 
3.630000e-01  1.728718e+00  1.798220e+00  -6.950216e-02 
3.640000e-01  1.690961e+00  1.764390e+00  -7.342932e-02 
3.650000e-01  1.743915e+00  1.814283e+00  -7.036781e-02 
3.660000e-01  1.674082e+00  1.748196e+00  -7.411369e-02 
3.670000e-01  1.697665e+00  1.767403e+00  -6.973727e-02 
3.680000e-01  1.768892e+00  1.840609e+00  -7.171778e-02 
3.690000e-01  1.744145e+00  1.822334e+00  -7.818818e-02 
3.700000e-01  1.804490e+00  1.895454e+00  -9.096431e-02 
3.710000e-01  1.766599e+00  1.853819e+00  -8.722050e-02 
3.720000e-01  1.747112e+00  1.832247e+00  -8.513546e-02 
3.730000e-01  1.680110e+00  1.762139e+00  -8.202916e-02 
3.740000e-01  1.648312e+00  1.740771e+00  -9.245870e-02 
3.750000e-01  1.611968e+00  1.699412e+00  -8.744342e-02 
3.760000e-01  1.645737e+00  1.737547e+00  -9.180974e-02 
3.770000e-01  1.665104e+00  1.762296e+00  -9.719172e-02 
3.780000e-01  1.664940e+00  1.761908e+00  -9.696813e-02 
3.790000e-01  1.696320e+00  1.798522e+00  -1.022025e-01 
3.800000e-01  1.755002e+00  1.853014e+00  -9.801172e-02 
3.810000e-01  1.802338e+00  1.900835e+00  -9.849630e-02 
3.820000e-01  1.865520e+00  1.967604e+00  -1.020840e-01 
3.830000e-01  1.863916e+00  1.964175e+00  -1.002583e-01 
3.840000e-01  1.844236e+00  1.944966e+00  -1.007294e-01 
3.850000e-01  1.862624e+00  1.967030e+00  -1.044058e-01 
3.860000e-01  1.867115e+00  1.976609e+00  -1.094945e-01 
3.870000e-01  1.913182e+00  2.018847e+00  -1.056655e-01 
3.880000e-01  1.892380e+00  2.000006e+00  -1.076263e-01 
3.890000e-01  1.860054e+00  1.967836e+00  -1.077819e-01 
3.900000e-01  1.843795e+00  1.946966e+00  -1.031719e-01 
3.910000e-01  1.847726e+00  1.949638e+00  -1.019116e-01 
3.920000e-01  1.830526e+00  1.923669e+00  -9.314317e-02 
3.930000e-01  1.836292e+00  1.923684e+00  -8.739220e-02 
3.940000e-01  1.825522e+00  1.913069e+00  -8.754726e-02 
3.950000e-01  1.845181e+00  1.927624e+00  -8.244301e-02 
3.960000e-01  1.850446e+00  1.932840e+00  -8.239358e-02 
3.970000e-01  1.868563e+00  1.945654e+00  -7.709120e-02 
3.980000e-01  1.877316e+00  1.952557e+00  -7.524016e-02 
3.990000e-01  1.834754e+00  1.914239e+00  -7.948448e-02 
4.000000e-01  1.836551e+00  1.915145e+00  -7.859402e-02 
4.010000e-01  1.829894e+00  1.908453e+00  -7.855896e-02 
4.020000e-01  1.821754e+00  1.894931e+00  -7.317703e-02 
4.030000e-01  1.838825e+00  1.920661e+00  -8.183586e-02 
4.040000e-01  1.829910e+00  1.913820e+00  -8.391020e-02 
4.050000e-01  1.801959e+00  1.882195e+00  -8.023537e-02 
4.060000e-01  1.822186e+00  1.909734e+00  -8.754765e-02 
4.070000e-01  1.803206e+00  1.890308e+00  -8.710229e-02 
4.080000e-01  1.786552e+00  1.866012e+00  -7.946042e-02 
4.090000e-01  1.816074e+00  1.907688e+00  -9.161432e-02 
4.100000e-01  1.812332e+00  1.901886e+00  -8.955470e-02 
4.110000e-01  1.885195e+00  1.972897e+00  -8.770256e-02 
4.120000e-01  1.895690e+00  1.981356e+00  -8.566638e-02 
4.130000e-01  1.895564e+00  1.987554e+00  -9.198977e-02 
4.140000e-01  1.930112e+00  2.021294e+00  -9.118248e-02 
4.150000e-01  1.917853e+00  2.010675e+00  -9.282177e-02 
4.160000e-01  1.834487e+00  1.930312e+00  -9.582516e-02 
4.170000e-01  1.867018e+00  1.967259e+00  -1.002409e-01 
4.180000e-01  1.871742e+00  1.978675e+00  -1.069327e-01 
4.190000e-01  1.848057e+00  1.955925e+00  -1.078677e-01 
4.200000e-01  1.855593e+00  1.961182e+00  -1.055888e-01 
4.210000e-01  1.886521e+00  1.988824e+00  -1.023034e-01 
4.220000e-01  1.876811e+00  1.976701e+00  -9.989060e-02 
4.230000e-01  1.871065e+00  1.974271e+00  -1.032052e-01 
4.240000e-01  1.903400e+00  2.000509e+00  -9.710897e-02 
4.250000e-01  1.872648e+00  1.967432e+00  -9.478373e-02 
4.260000e-01  1.881859e+00  1.980270e+00  -9.841117e-02 
4.270000e-01  1.845879e+00  1.941520e+00  -9.564088e-02 
4.280000e-01  1.880226e+00  1.976122e+00  -9.589561e-02 
4.290000e-01  1.859110e+00  1.956831e+00  -9.772071e-02 
4.300000e-01  1.861370e+00  1.963622e+00  -1.022522e-01 
4.310000e-01  1.825312e+00  1.921302e+00  -9.598936e-02 
4.320000e-01  1.797140e+00  1.889194e+00  -9.205389e-02 
4.330000e-01  1.738728e+00  1.836285e+00  -9.755648e-02 
4.340000e-01  1.762403e+00  1.855286e+00  -9.288272e-02 
4.350000e-01  1.801041e+00  1.893820e+00  -9.277927e-02 
4.360000e-01  1.827895e+00  1.914903e+00  -8.700852e-02 
4.370000e-01  1.790035e+00  1.872363e+00  -8.232852e-02 
4.380000e-01  1.815247e+00  1.905236e+00  -8.998905e-02 
4.390000e-01  1.810282e+00  1.894337e+00  -8.405495e-02 
4.400000e-01  1.835828e+00  1.922036e+00  -8.620762e-02 
4.410000e-01  1.808397e+00  1.887269e+00  -7.887224e-02 
4.420000e-01  1.831442e+00  1.900949e+00  -6.950761e-02 
4.430000e-01  1.881518e+00  1.954896e+00  -7.337820e-02 
4.440000e-01  1.905406e+00  1.974547e+00  -6.914010e-02 
4.450000e-01  1.922742e+00  1.990862e+00  -6.811961e-02 
4.460000e-01  1.844914e+00  1.914618e+00  -6.970399e-02 
4.470000e-01  1.860398e+00  1.930608e+00  -7.020967e-02 
4.480000e-01  1.893690e+00  1.965985e+00  -7.229537e-02 
4.490000e-01  1.881858e+00  1.944591e+00  -6.273335e-02 
4.500000e-01  1.861172e+00  1.921931e+00  -6.075858e-02 
4.510000e-01  1.800168e+00  1.856260e+00  -5.609192e-02 
4.520000e-01  1.844247e+00  1.897957e+00  -5.371013e-02 
4.530000e-01  1.812366e+00  1.875974e+00  -6.360855e-02 
4.540000e-01  1.845421e+00  1.907283e+00  -6.186195e-02 
4.550000e-01  1.892236e+00  1.956057e+00  -6.382022e-02 
4.560000e-01  1.943277e+00  2.006853e+00  -6.357563e-02 
4.570000e-01  1.933679e+00  1.997176e+00  -6.349754e-02 
4.580000e-01  1.902788e+00  1.964888e+00  -6.209981e-02 
4.590000e-01  1.899431e+00  1.958982e+00  -5.955066e-02 
4.600000e-01  1.902940e+00  1.964999e+00  -6.205897e-02 
4.610000e-01  1.894523e+00  1.954403e+00  -5.988005e-02 
4.620000e-01  1.924752e+00  1.982071e+00  -5.731860e-02 
4.630000e-01  1.875906e+00  1.935080e+00  -5.917453e-02 
4.640000e-01  1.842011e+00  1.904763e+00  -6.275276e-02 
4.650000e-01  1.818841e+00  1.876795e+00  -5.795438e-02 
4.660000e-01  1.747655e+00  1.807847e+00  -6.019161e-02 
4.670000e-01  1.783535e+00  1.831325e+00  -4.779016e-02 
4.680000e-01  1.807538e+00  1.843085e+00  -3.554626e-02 
4.690000e-01  1.828008e+00  1.864350e+00  -3.634237e-02 
4.700000e-01  1.829538e+00  1.867536e+00  -3.799814e-02 
4.710000e-01  1.824096e+00  1.870596e+00  -4.650004e-02 
4.720000e-01  1.841077e+00  1.890588e+00  -4.951092e-02 
4.730000e-01  1.950716e+00  2.000961e+00  -5.024498e-02 
4.740000e-01  1.926574e+00  1.972627e+00  -4.605309e-02 
4.750000e-01  1.991761e+00  2.037568e+00  -4.580641e-02 
4.760000e-01  2.015078e+00  2.062308e+00  -4.722966e-02 
4.770000e-01  1.993435e+00  2.040590e+00  -4.715479e-02 
4.780000e-01  2.008526e+00  2.063448e+00  -5.492112e-02 
4.790000e-01  2.018101e+00  2.067444e+00  -4.934259e-02 
4.800000e-01  2.027436e+00  2.071742e+00  -4.430550e-02 
4.810000e-01  1.990763e+00  2.027554e+00  -3.679117e-02 
4.820000e-01  1.991900e+00  2.023303e+00  -3.140213e-02 
4.830000e-01  1.991532e+00  2.023005e+00  -3.147249e-02 
4.840000e-01  1.967514e+00  1.998708e+00  -3.119378e-02 
4.850000e-01  1.985112e+00  2.011557e+00  -2.644490e-02 
4.860000e-01  2.048376e+00  2.078060e+00  -2.968418e-02 
4.870000e-01  2.045132e+00  2.083611e+00  -3.847959e-02 
4.880000e-01  2.005717e+00  2.045041e+00  -3.932427e-02 
4.890000e-01  1.978261e+00  2.019273e+00  -4.101256e-02 
4.900000e-01  1.994546e+00  2.032012e+00  -3.746552e-02 
4.910000e-01  1.933616e+00  1.962744e+00  -2.912836e-02 
4.920000e-01  1.922762e+00  1.954363e+00  -3.160090e-02 
4.930000e-01  1.932281e+00  1.968101e+00  -3.582047e-02 
4.940000e-01  1.926305e+00  1.965602e+00  -3.929691e-02 
4.950000e-01  1.915155e+00  1.952806e+00  -3.765125e-02 
4.960000e-01  1.948698e+00  1.986065e+00  -3.736702e-02 
4.970000e-01  1.997564e+00  2.024571e+00  -2.700670e-02 
4.980000e-01  1.980246e+00  2.011894e+00  -3.164787e-02 
4.990000e-01  1.966000e+00  2.002674e+00  -3.667375e-02 
5.000000e-01  1.953865e+00  1.993828e+00  -3.996382e-02 
5.010000e-01  1.955768e+00  2.002019e+00  -4.625110e-02 
5.020000e-01  1.962406e+00  2.002080e+00  -3.967470e-02 
5.030000e-01  2.003858e+00  2.042435e+00  -3.857641e-02 
5.040000e-01  2.043982e+00  2.081453e+00  -3.747104e-02 
5.050000e-01  2.027191e+00  2.070563e+00  -4.337205e-02 
5.060000e-01  2.034075e+00  2.087176e+00  -5.310103e-02 
5.070000e-01  2.035250e+00  2.086339e+00  -5.108907e-02 
5.080000e-01  2.046929e+00  2.104032e+00  -5.710375e-02 
5.090000e-01  2.079206e+00  2.141285e+00  -6.207811e-02 
5.100000e-01  2.033495e+00  2.090292e+00  -5.679700e-02 
5.110000e-01  2.034168e+00  2.096527e+00  -6.235890e-02 
5.120000e-01  2.009980e+00  2.069884e+00  -5.990478e-02 
5.130000e-01  1.977513e+00  2.039552e+00  -6.203902e-02 
5.140000e-01  1.978986e+00  2.038521e+00  -5.953500e-02 
5.150000e-01  1.992688e+00  2.050076e+00  -5.738845e-02 
5.160000e-01  1.978518e+00  2.028456e+00  -4.993787e-02 
5.170000e-01  2.000479e+00  2.049436e+00  -4.895615e-02 
5.180000e-01  2.022311e+00  2.077143e+00  -5.483168e-02 
5.190000e-01  2.050672e+00  2.102937e+00  -5.226467e-02 
5.200000e-01  2.019005e+00  2.070338e+00  -5.133342e-02 
5.210000e-01  1.969079e+00  2.019781e+00  -5.070239e-02 
5.220000e-01  1.928083e+00  1.977398e+00  -4.931423e-02 
5.230000e-01  1.942983e+00  1.991258e+00  -4.827508e-02 
5.240000e-01  1.942663e+00  1.990977e+00  -4.831399e-02 
5.250000e-01  1.953699e+00  2.002926e+00  -4.922753e-02 
5.260000e-01  1.928006e+00  1.978931e+00  -5.092480e-02 
5.270000e-01  1.937189e+00  1.986260e+00  -4.907104e-02 
5.280000e-01  1.962073e+00  2.004090e+00  -4.201675e-02 
5.290000e-01  1.969606e+00  2.019528e+00  -4.992202e-02 
5.300000e-01  1.954605e+00  2.001888e+00  -4.728275e-02 
5.310000e-01  1.975266e+00  2.016278e+00  -4.101198e-02 
5.320000e-01  1.974499e+00  2.012340e+00  -3.784036e-02 
5.330000e-01  1.949118e+00  1.982019e+00  -3.290149e-02 
5.340000e-01  1.929258e+00  1.955902e+00  -2.664392e-02 
5.350000e-01  1.983934e+00  2.009799e+00  -2.586488e-02 
5.360000e-01  2.031082e+00  2.056555e+00  -2.547294e-02 
5.370000e-01  2.031332e+00  2.048378e+00  -1.704577e-02 
5.380000e-01  2.059687e+00  2.071807e+00  -1.212047e-02 
5.390000e-01  2.010406e+00  2.034693e+00  -2.428748e-02 
5.400000e-01  2.025456e+00  2.050834e+00  -2.537777e-02 
5.410000e-01  2.079900e+00  2.105395e+00  -2.549548e-02 
5.420000e-01  2.043060e+00  2.070021e+00  -2.696027e-02 
5.430000e-01  2.106183e+00  2.139336e+00  -3.315386e-02 
5.440000e-01  2.142952e+00  2.180067e+00  -3.711521e-02 
5.450000e-01  2.174226e+00  2.214577e+00  -4.035067e-02 
5.460000e-01  2.226912e+00  2.267364e+00  -4.045285e-02 
5.470000e-01  2.187815e+00  2.227945e+00  -4.013059e-02 
5.480000e-01  2.188347e+00  2.226897e+00  -3.855005e-02 
5.490000e-01  2.170441e+00  2.205011e+00  -3.456964e-02 
5.500000e-01  2.121646e+00  2.153637e+00  -3.199089e-02 
5.510000e-01  2.099730e+00  2.127085e+00  -2.735490e-02 
5.520000e-01  2.097742e+00  2.122028e+00  -2.428606e-02 
5.530000e-01  2.098591e+00  2.128106e+00  -2.951466e-02 
5.540000e-01  2.108984e+00  2.134435e+00  -2.545049e-02 
5.550000e-01  2.114273e+00  2.144651e+00  -3.037859e-02 
5.560000e-01  2.161981e+00  2.189600e+00  -2.761873e-02 
5.570000e-01  2.161343e+00  2.178462e+00  -1.711855e-02 
5.580000e-01  2.129733e+00  2.146313e+00  -1.657932e-02 
5.590000e-01  2.101947e+00  2.122503e+00  -2.055534e-02 
5.600000e-01  2.036952e+00  2.051037e+00  -1.408481e-02 
5.610000e-01  2.000576e+00  2.017951e+00  -1.737478e-02 
5.620000e-01  2.019700e+00  2.042169e+00  -2.246890e-02 
5.630000e-01  2.028733e+00  2.050763e+00  -2.203084e-02 
5.640000e-01  2.042358e+00  2.060482e+00  -1.812386e-02 
5.650000e-01  2.032796e+00  2.052610e+00  -1.981428e-02 
5.660000e-01  1.981125e+00  1.994905e+00  -1.377990e-02 
5.670000e-01  2.004049e+00  2.016331e+00  -1.228262e-02 
5.680000e-01  2.004837e+00  2.018261e+00  -1.342353e-02 
5.690000e-01  2.001771e+00  2.011602e+00  -9.831204e-03 
5.700000e-01  1.993945e+00  2.007388e+00  -1.344316e-02 
5.710000e-01  1.979364e+00  1.997265e+00  -1.790161e-02 
5.720000e-01  2.032109e+00  2.050688e+00  -1.857915e-02 
5.730000e-01  2.060492e+00  2.077505e+00  -1.701325e-02 
5.740000e-01  2.060484e+00  2.080537e+00  -2.005390e-02 
5.750000e-01  2.075431e+00  2.096119e+00  -2.068754e-02 
5.760000e-01  2.093093e+00  2.108224e+00  -1.513124e-02 
5.770000e-01  2.076041e+00  2.092056e+00  -1.601526e-02 
5.780000e-01  2.092305e+00  2.102299e+00  -9.994484e-03 
5.790000e-01  2.064621e+00  2.075394e+00  -1.077266e-02 
5.800000e-01  2.020221e+00  2.027296e+00  -7.075050e-03 
5.810000e-01  1.983187e+00  1.987651e+00  -4.464042e-03 
5.820000e-01  1.938890e+00  1.943963e+00  -5.072837e-03 
5.830000e-01  1.936993e+00  1.953811e+00  -1.681739e-02 
5.840000e-01  1.941559e+00  1.961669e+00  -2.010992e-02 
5.850000e-01  1.874942e+00  1.886669e+00  -1.172743e-02 
5.860000e-01  1.942095e+00  1.953148e+00  -1.105334e-02 
5.870000e-01  1.935377e+00  1.947199e+00  -1.182243e-02 
5.880000e-01  1.916931e+00  1.924444e+00  -7.512888e-03 
5.890000e-01  1.958973e+00  1.966980e+00  -8.006751e-03 
5.900000e-01  1.939075e+00  1.953910e+00  -1.483546e-02 
5.910000e-01  1.950828e+00  1.968570e+00  -1.774203e-02 
5.920000e-01  1.972437e+00  1.997142e+00  -2.470493e-02 
5.930000e-01  2.019794e+00  2.037085e+00  -1.729048e-02 
5.940000e-01  2.006081e+00  2.018915e+00  -1.283372e-02 
5.950000e-01  2.021651e+00  2.035210e+00  -1.355896e-02 
5.960000e-01  1.998186e+00  2.014575e+00  -1.638911e-02 
5.970000e-01  2.017878e+00  2.037542e+00  -1.966395e-02 
5.980000e-01  1.963086e+00  1.980723e+00  -1.763790e-02 
5.990000e-01  1.995273e+00  2.012309e+00  -1.703640e-02 
6.000000e-01  1.984872e+00  2.000817e+00  -1.594461e-02 
6.010000e-01  1.933761e+00  1.946982e+00  -1.322111e-02 
6.020000e-01  1.933976e+00  1.940740e+00  -6.764436e-03 
6.030000e-01  1.941919e+00  1.949600e+00  -7.681379e-03 
6.040000e-01  1.954924e+00  1.972120e+00  -1.719565e-02 
6.050000e-01  2.019701e+00  2.040517e+00  -2.081518e-02 
6.060000e-01  2.001694e+00  2.027721e+00  -2.602724e-02 
6.070000e-01  2.000035e+00  2.033379e+00  -3.334455e-02 
6.080000e-01  2.018710e+00  2.044526e+00  -2.581620e-02 
6.090000e-01  2.018884e+00  2.041530e+00  -2.264583e-02 
6.100000e-01  2.015173e+00  2.034233e+00  -1.906011e-02 
6.110000e-01  2.014210e+00  2.031855e+00  -1.764519e-02 
6.120000e-01  2.046867e+00  2.067397e+00  -2.052991e-02 
6.130000e-01  2.107502e+00  2.122037e+00  -1.453456e-02 
6.140000e-01  2.101407e+00  2.126384e+00  -2.497685e-02 
6.150000e-01  2.075229e+00  2.106112e+00  -3.088282e-02 
6.160000e-01  2.089986e+00  2.130210e+00  -4.022396e-02 
6.170000e-01  2.055154e+00  2.090216e+00  -3.506221e-02 
6.180000e-01  2.033941e+00  2.066438e+00  -3.249704e-02 
6.190000e-01  2.048082e+00  2.084030e+00  -3.594817e-02 
6.200000e-01  2.055241e+00  2.092005e+00  -3.676325e-02 
6.210000e-01  2.071287e+00  2.111006e+00  -3.971913e-02 
6.220000e-01  2.093800e+00  2.130232e+00  -3.643152e-02 
6.230000e-01  2.119574e+00  2.158067e+00  -3.849318e-02 
6.240000e-01  2.140350e+00  2.185801e+00  -4.545136e-02 
6.250000e-01  2.130838e+00  2.182890e+00  -5.205251e-02 
6.260000e-01  2.161647e+00  2.216408e+00  -5.476104e-02 
6.270000e-01  2.194162e+00  2.248347e+00  -5.418481e-02 
6.280000e-01  2.158074e+00  2.209858e+00  -5.178369e-02 
6.290000e-01  2.179315e+00  2.218052e+00  -3.873738e-02 
6.300000e-01  2.165943e+00  2.199269e+00  -3.332603e-02 
6.310000e-01  2.159755e+00  2.198560e+00  -3.880445e-02 
6.320000e-01  2.150289e+00  2.192940e+00  -4.265141e-02 
6.330000e-01  2.173327e+00  2.220693e+00  -4.736607e-02 
6.340000e-01  2.182235e+00  2.236005e+00  -5.376983e-02 
6.350000e-01  2.182350e+00  2.234827e+00  -5.247740e-02 
6.360000e-01  2.180589e+00  2.223992e+00  -4.340266e-02 
6.370000e-01  2.117761e+00  2.153785e+00  -3.602379e-02 
6.380000e-01  2.086756e+00  2.130711e+00  -4.395564e-02 
6.390000e-01  2.047861e+00  2.090000e+00  -4.213974e-02 
6.400000e-01  2.054227e+00  2.101035e+00  -4.680844e-02 
6.410000e-01  2.031059e+00  2.085257e+00  -5.419710e-02 
6.420000e-01  1.956185e+00  2.014078e+00  -5.789283e-02 
6.430000e-01  1.945701e+00  2.006270e+00  -6.056830e-02 
6.440000e-01  1.950137e+00  2.006360e+00  -5.622306e-02 
6.450000e-01  1.924406e+00  1.983355e+00  -5.894901e-02 
6.460000e-01  1.914434e+00  1.984074e+00  -6.963953e-02 
6.470000e-01  1.898760e+00  1.961059e+00  -6.229991e-02 
6.480000e-01  1.840526e+00  1.899481e+00  -5.895442e-02 
6.490000e-01  1.892216e+00  1.945509e+00  -5.329288e-02 
6.500000e-01  1.843034e+00  1.898155e+00  -5.512059e-02 
6.510000e-01  1.818012e+00  1.876104e+00  -5.809233e-02 
6.520000e-01  1.794742e+00  1.851293e+00  -5.655082e-02 
6.530000e-01  1.837271e+00  1.895805e+00  -5.853399e-02 
6.540000e-01  1.846664e+00  1.911497e+00  -6.483294e-02 
6.550000e-01  1.796518e+00  1.859246e+00  -6.272815e-02 
6.560000e-01  1.824999e+00  1.884990e+00  -5.999076e-02 
6.570000e-01  1.763988e+00  1.819651e+00  -5.566252e-02 
6.580000e-01  1.722425e+00  1.774736e+00  -5.231035e-02 
6.590000e-01  1.759233e+00  1.815872e+00  -5.663912e-02 
6.600000e-01  1.735065e+00  1.785599e+00  -5.053313e-02 
6.610000e-01  1.713538e+00  1.766001e+00  -5.246270e-02 
6.620000e-01  1.741036e+00  1.791911e+00  -5.087473e-02 
6.630000e-01  1.711517e+00  1.762094e+00  -5.057664e-02 
6.640000e-01  1.718011e+00  1.755432e+00  -3.742144e-02 
6.650000e-01  1.699816e+00  1.732151e+00  -3.233468e-02 
6.660000e-01  1.656542e+00  1.694088e+00  -3.754629e-02 
6.670000e-01  1.705917e+00  1.743294e+00  -3.737714e-02 
6.680000e-01  1.696294e+00  1.727838e+00  -3.154389e-02 
6.690000e-01  1.676776e+00  1.709403e+00  -3.262715e-02 
6.700000e-01  1.700074e+00  1.733457e+00  -3.338298e-02 
6.710000e-01  1.712427e+00  1.747554e+00  -3.512756e-02 
6.720000e-01  1.713822e+00  1.748315e+00  -3.449328e-02 
6.730000e-01  1.687967e+00  1.719055e+00  -3.108713e-02 
6.740000e-01  1.694716e+00  1.726626e+00  -3.191000e-02 
6.750000e-01  1.763481e+00  1.789999e+00  -2.651809e-02 
6.760000e-01  1.787183e+00  1.802335e+00  -1.515277e-02 
6.770000e-01  1.730613e+00  1.741833e+00  -1.122046e-02 
6.780000e-01  1.770174e+00  1.774578e+00  -4.404310e-03 
6.790000e-01  1.764571e+00  1.771643e+00  -7.071621e-03 
6.800000e-01  1.723293e+00  1.726273e+00  -2.980001e-03 
6.810000e-01  1.697912e+00  1.696918e+00  9.943967e-04 
6.820000e-01  1.672925e+00  1.670486e+00  2.439432e-03 
6.830000e-01  1.712615e+00  1.708755e+00  3.859497e-03 
6.840000e-01  1.697257e+00  1.693741e+00  3.516212e-03 
6.850000e-01  1.658323e+00  1.654246e+00  4.077303e-03 
6.860000e-01  1.618239e+00  1.613173e+00  5.066379e-03 
6.870000e-01  1.646879e+00  1.636816e+00  1.006287e-02 
6.880000e-01  1.658391e+00  1.650208e+00  8.183282e-03 
6.890000e-01  1.611753e+00  1.603706e+00  8.047654e-03 
6.900000e-01  1.572597e+00  1.561396e+00  1.120109e-02 
6.910000e-01  1.526348e+00  1.511210e+00  1.513808e-02 
6.920000e-01  1.585445e+00  1.571682e+00  1.376284e-02 
6.930000e-01  1.595847e+00  1.579868e+00  1.597918e-02 
6.940000e-01  1.605827e+00  1.598568e+00  7.259172e-03 
6.950000e-01  1.621926e+00  1.615110e+00  6.816303e-03 
6.960000e-01  1.615152e+00  1.605619e+00  9.533017e-03 
6.970000e-01  1.643196e+00  1.634314e+00  8.882347e-03 
6.980000e-01  1.608247e+00  1.606501e+00  1.746057e-03 
6.990000e-01  1.636452e+00  1.638455e+00  -2.003081e-03 
7.000000e-01  1.601356e+00  1.605463e+00  -4.106653e-03 
7.010000e-01  1.659158e+00  1.664391e+00  -5.232645e-03 
7.020000e-01  1.673731e+00  1.678534e+00  -4.803187e-03 
7.030000e-01  1.702892e+00  1.702666e+00  2.255833e-04 
7.040000e-01  1.693592e+00  1.692590e+00  1.002302e-03 
7.050000e-01  1.619613e+00  1.618006e+00  1.607537e-03 
7.060000e-01  1.591869e+00  1.582945e+00  8.923735e-03 
7.070000e-01  1.604462e+00  1.595082e+00  9.380031e-03 
7.080000e-01  1.617243e+00  1.607409e+00  9.834528e-03 
7.090000e-01  1.583135e+00  1.572261e+00  1.087321e-02 
7.100000e-01  1.565328e+00  1.560892e+00  4.436161e-03 
7.110000e-01  1.593003e+00  1.588389e+00  4.613962e-03 
7.120000e-01  1.598571e+00  1.593700e+00  4.870798e-03 
7.130000e-01  1.596863e+00  1.591293e+00  5.570119e-03 
7.140000e-01  1.618816e+00  1.614040e+00  4.776476e-03 
7.150000e-01  1.582715e+00  1.574055e+00  8.660210e-03 
7.160000e-01  1.571903e+00  1.575456e+00  -3.552753e-03 
7.170000e-01  1.518374e+00  1.519148e+00  -7.741668e-04 
7.180000e-01  1.474128e+00  1.472163e+00  1.965279e-03 
7.190000e-01  1.436644e+00  1.433658e+00  2.986614e-03 
7.200000e-01  1.440738e+00  1.440646e+00  9.141994e-05 
7.210000e-01  1.426753e+00  1.428346e+00  -1.592763e-03 
7.220000e-01  1.416133e+00  1.420532e+00  -4.399157e-03 
7.230000e-01  1.456456e+00  1.458767e+00  -2.310657e-03 
7.240000e-01  1.428913e+00  1.435182e+00  -6.268237e-03 
7.250000e-01  1.444443e+00  1.452855e+00  -8.411815e-03 
7.260000e-01  1.479563e+00  1.488284e+00  -8.721771e-03 
7.270000e-01  1.566368e+00  1.579865e+00  -1.349660e-02 
7.280000e-01  1.527404e+00  1.539161e+00  -1.175704e-02 
7.290000e-01  1.484492e+00  1.493418e+00  -8.926161e-03 
7.300000e-01  1.512588e+00  1.515808e+00  -3.220406e-03 
7.310000e-01  1.509289e+00  1.511504e+00  -2.215276e-03 
7.320000e-01  1.524053e+00  1.526391e+00  -2.338757e-03 
7.330000e-01  1.525808e+00  1.534215e+00  -8.406670e-03 
7.340000e-01  1.516909e+00  1.526536e+00  -9.627926e-03 
7.350000e-01  1.519295e+00  1.525269e+00  -5.974470e-03 
7.360000e-01  1.477669e+00  1.478721e+00  -1.051150e-03 
7.370000e-01  1.476227e+00  1.473841e+00  2.385666e-03 
7.380000e-01  1.460003e+00  1.456706e+00  3.296880e-03 
7.390000e-01  1.472139e+00  1.461620e+00  1.051927e-02 
7.400000e-01  1.426189e+00  1.416677e+00  9.511828e-03 
7.410000e-01  1.423315e+00  1.413210e+00  1.010479e-02 
7.420000e-01  1.437300e+00  1.419888e+00  1.741184e-02 
7.430000e-01  1.393626e+00  1.374826e+00  1.879951e-02 
7.440000e-01  1.430504e+00  1.414459e+00  1.604505e-02 
7.450000e-01  1.429741e+00  1.408602e+00  2.113833e-02 
7.460000e-01  1.444857e+00  1.424313e+00  2.054458e-02 
7.470000e-01  1.427425e+00  1.409253e+00  1.817288e-02 
7.480000e-01  1.439923e+00  1.413496e+00  2.642693e-02 
7.490000e-01  1.461522e+00  1.435363e+00  2.615822e-02 
7.500000e-01  1.469034e+00  1.441005e+00  2.802904e-02 
7.510000e-01  1.446339e+00  1.419501e+00  2.683840e-02 
7.520000e-01  1.488097e+00  1.462257e+00  2.583999e-02 
7.530000e-01  1.461181e+00  1.431849e+00  2.933185e-02 
7.540000e-01  1.460821e+00  1.429927e+00  3.089381e-02 
7.550000e-01  1.500864e+00  1.472303e+00  2.856018e-02 
7.560000e-01  1.524400e+00  1.497736e+00  2.666391e-02 
7.570000e-01  1.517704e+00  1.491633e+00  2.607086e-02 
7.580000e-01  1.490878e+00  1.464146e+00  2.673142e-02 
7.590000e-01  1.450511e+00  1.419328e+00  3.118313e-02 
7.600000e-01  1.478944e+00  1.450232e+00  2.871147e-02 
7.610000e-01  1.504408e+00  1.479307e+00  2.510099e-02 
7.620000e-01  1.540153e+00  1.511201e+00  2.895216e-02 
7.630000e-01  1.531675e+00  1.500215e+00  3.146030e-02 
7.640000e-01  1.588877e+00  1.550040e+00  3.883674e-02 
7.650000e-01  1.581917e+00  1.541525e+00  4.039204e-02 
7.660000e-01  1.618100e+00  1.581426e+00  3.667432e-02 
7.670000e-01  1.621026e+00  1.587339e+00  3.368710e-02 
7.680000e-01  1.613690e+00  1.583980e+00  2.971004e-02 
7.690000e-01  1.621341e+00  1.592062e+00  2.927945e-02 
7.700000e-01  1.618562e+00  1.590279e+00  2.828300e-02 
7.710000e-01  1.629019e+00  1.599172e+00  2.984654e-02 
7.720000e-01  1.620582e+00  1.591406e+00  2.917599e-02 
7.730000e-01  1.626014e+00  1.595726e+00  3.028751e-02 
7.740000e-01  1.598394e+00  1.571270e+00  2.712388e-02 
7.750000e-01  1.602805e+00  1.580157e+00  2.264843e-02 
7.760000e-01  1.612035e+00  1.585298e+00  2.673715e-02 
7.770000e-01  1.577254e+00  1.550372e+00  2.688270e-02 
7.780000e-01  1.587024e+00  1.566464e+00  2.055975e-02 
7.790000e-01  1.586532e+00  1.567486e+00  1.904613e-02 
7.800000e-01  1.637853e+00  1.626223e+00  1.163023e-02 
7.810000e-01  1.610455e+00  1.596098e+00  1.435724e-02 
7.820000e-01  1.587958e+00  1.576183e+00  1.177524e-02 
7.830000e-01  1.611163e+00  1.596167e+00  1.499684e-02 
7.840000e-01  1.674174e+00  1.658688e+00  1.548614e-02 
7.850000e-01  1.633712e+00  1.613405e+00  2.030727e-02 
7.860000e-01  1.628520e+00  1.605544e+00  2.297612e-02 
7.870000e-01  1.626609e+00  1.601608e+00  2.500162e-02 
7.880000e-01  1.637001e+00  1.610183e+00  2.681750e-02 
7.890000e-01  1.564506e+00  1.534537e+00  2.996913e-02 
7.900000e-01  1.530874e+00  1.500223e+00  3.065142e-02 
7.910000e-01  1.487213e+00  1.464892e+00  2.232037e-02 
7.920000e-01  1.480698e+00  1.458632e+00  2.206612e-02 
7.930000e-01  1.480802e+00  1.461878e+00  1.892334e-02 
7.940000e-01  1.414116e+00  1.400155e+00  1.396142e-02 
7.950000e-01  1.405279e+00  1.395451e+00  9.827999e-03 
7.960000e-01  1.340999e+00  1.328369e+00  1.262966e-02 
7.970000e-01  1.339657e+00  1.327796e+00  1.186112e-02 
7.980000e-01  1.321006e+00  1.311593e+00  9.412170e-03 
7.990000e-01  1.370924e+00  1.363277e+00  7.647501e-03 
8.000000e-01  1.356793e+00  1.356224e+00  5.684297e-04 
8.010000e-01  1.374935e+00  1.375915e+00  -9.804104e-04 
8.020000e-01  1.376294e+00  1.378752e+00  -2.457392e-03 
8.030000e-01  1.374943e+00  1.379896e+00  -4.953083e-03 
8.040000e-01  1.407463e+00  1.416869e+00  -9.405676e-03 
8.050000e-01  1.425459e+00  1.438350e+00  -1.289109e-02 
8.060000e-01  1.406975e+00  1.422304e+00  -1.532805e-02 
8.070000e-01  1.353020e+00  1.370161e+00  -1.714031e-02 
8.080000e-01  1.323705e+00  1.341038e+00  -1.733264e-02 
8.090000e-01  1.358125e+00  1.374983e+00  -1.685770e-02 
8.100000e-01  1.358610e+00  1.377043e+00  -1.843304e-02 
8.110000e-01  1.328980e+00  1.354188e+00  -2.520767e-02 
8.120000e-01  1.323555e+00  1.351686e+00  -2.813152e-02 
8.130000e-01  1.345461e+00  1.373627e+00  -2.816607e-02 
8.140000e-01  1.317328e+00  1.347977e+00  -3.064928e-02 
8.150000e-01  1.361666e+00  1.389661e+00  -2.799484e-02 
8.160000e-01  1.435326e+00  1.459019e+00  -2.369291e-02 
8.170000e-01  1.382691e+00  1.412137e+00  -2.944579e-02 
8.180000e-01  1.371266e+00  1.399754e+00  -2.848851e-02 
8.190000e-01  1.352895e+00  1.381973e+00  -2.907800e-02 
8.200000e-01  1.302863e+00  1.337510e+00  -3.464734e-02 
8.210000e-01  1.375719e+00  1.410993e+00  -3.527411e-02 
8.220000e-01  1.374354e+00  1.406886e+00  -3.253171e-02 
8.230000e-01  1.403812e+00  1.437302e+00  -3.348978e-02 
8.240000e-01  1.405296e+00  1.434857e+00  -2.956132e-02 
8.250000e-01  1.386619e+00  1.408754e+00  -2.213513e-02 
8.260000e-01  1.389803e+00  1.406717e+00  -1.691406e-02 
8.270000e-01  1.419368e+00  1.443272e+00  -2.390372e-02 
8.280000e-01  1.357292e+00  1.376698e+00  -1.940589e-02 
8.290000e-01  1.317679e+00  1.338362e+00  -2.068308e-02 
8.300000e-01  1.290141e+00  1.314865e+00  -2.472410e-02 
8.310000e-01  1.249185e+00  1.272424e+00  -2.323877e-02 
8.320000e-01  1.259037e+00  1.287642e+00  -2.860553e-02 
8.330000e-01  1.231796e+00  1.253218e+00  -2.142143e-02 
8.340000e-01  1.259962e+00  1.281284e+00  -2.132187e-02 
8.350000e-01  1.225501e+00  1.243288e+00  -1.778749e-02 
8.360000e-01  1.184565e+00  1.204360e+00  -1.979488e-02 
8.370000e-01  1.214343e+00  1.233496e+00  -1.915248e-02 
8.380000e-01  1.176196e+00  1.197156e+00  -2.095957e-02 
8.390000e-01  1.176548e+00  1.200112e+00  -2.356372e-02 
8.400000e-01  1.188366e+00  1.216205e+00  -2.783955e-02 
8.410000e-01  1.165778e+00  1.192826e+00  -2.704789e-02 
8.420000e-01  1.138046e+00  1.164879e+00  -2.683237e-02 
8.430000e-01  1.183401e+00  1.210462e+00  -2.706102e-02 
8.440000e-01  1.154023e+00  1.180638e+00  -2.661522e-02 
8.450000e-01  1.152670e+00  1.180560e+00  -2.788999e-02 
8.460000e-01  1.174431e+00  1.203378e+00  -2.894685e-02 
8.470000e-01  1.192932e+00  1.225883e+00  -3.295095e-02 
8.480000e-01  1.218335e+00  1.252516e+00  -3.418137e-02 
8.490000e-01  1.159571e+00  1.192640e+00  -3.306922e-02 
8.500000e-01  1.152444e+00  1.186835e+00  -3.439086e-02 
8.510000e-01  1.141540e+00  1.177672e+00  -3.613247e-02 
8.520000e-01  1.111939e+00  1.144962e+00  -3.302291e-02 
8.530000e-01  1.101118e+00  1.133716e+00  -3.259763e-02 
8.540000e-01  1.079211e+00  1.112353e+00  -3.314256e-02 
8.550000e-01  1.087691e+00  1.120847e+00  -3.315669e-02 
8.560000e-01  1.057124e+00  1.091290e+00  -3.416603e-02 
8.570000e-01  1.051606e+00  1.083047e+00  -3.144073e-02 
8.580000e-01  1.030612e+00  1.062305e+00  -3.169316e-02 
8.590000e-01  1.040349e+00  1.071583e+00  -3.123407e-02 
8.600000e-01  1.100487e+00  1.133883e+00  -3.339652e-02 
8.610000e-01  1.106608e+00  1.143229e+00  -3.662119e-02 
8.620000e-01  1.121151e+00  1.159094e+00  -3.794335e-02 
8.630000e-01  1.128073e+00  1.163777e+00  -3.570389e-02 
8.640000e-01  1.177336e+00  1.208131e+00  -3.079497e-02 
8.650000e-01  1.170693e+00  1.202780e+00  -3.208747e-02 
8.660000e-01  1.166818e+00  1.199454e+00  -3.263657e-02 
8.670000e-01  1.156751e+00  1.192308e+00  -3.555663e-02 
8.680000e-01  1.193470e+00  1.231272e+00  -3.780144e-02 
8.690000e-01  1.227458e+00  1.262406e+00  -3.494768e-02 
8.700000e-01  1.204857e+00  1.244523e+00  -3.966619e-02 
8.710000e-01  1.212103e+00  1.252277e+00  -4.017361e-02 
8.720000e-01  1.230005e+00  1.268899e+00  -3.889367e-02 
8.730000e-01  1.259149e+00  1.293901e+00  -3.475276e-02 
8.740000e-01  1.274094e+00  1.308005e+00  -3.391045e-02 
8.750000e-01  1.259871e+00  1.296218e+00  -3.634719e-02 
8.760000e-01  1.261517e+00  1.299173e+00  -3.765611e-02 
8.770000e-01  1.253602e+00  1.288374e+00  -3.477137e-02 
8.780000e-01  1.307948e+00  1.346598e+00  -3.865038e-02 
8.790000e-01  1.279734e+00  1.312224e+00  -3.248959e-02 
8.800000e-01  1.307230e+00  1.335098e+00  -2.786802e-02 
8.810000e-01  1.351857e+00  1.375403e+00  -2.354658e-02 
8.820000e-01  1.375658e+00  1.401254e+00  -2.559567e-02 
8.830000e-01  1.383417e+00  1.410933e+00  -2.751629e-02 
8.840000e-01  1.391502e+00  1.418134e+00  -2.663182e-02 
8.850000e-01  1.385604e+00  1.412524e+00  -2.691989e-02 
8.860000e-01  1.411817e+00  1.442916e+00  -3.109892e-02 
8.870000e-01  1.401147e+00  1.430049e+00  -2.890138e-02 
8.880000e-01  1.439687e+00  1.473632e+00  -3.394455e-02 
8.890000e-01  1.445326e+00  1.476506e+00  -3.117983e-02 
8.900000e-01  1.381199e+00  1.411002e+00  -2.980260e-02 
8.910000e-01  1.352589e+00  1.384141e+00  -3.155239e-02 
8.920000e-01  1.364241e+00  1.399706e+00  -3.546458e-02 
8.930000e-01  1.366798e+00  1.411133e+00  -4.433509e-02 
8.940000e-01  1.334537e+00  1.378103e+00  -4.356674e-02 
8.950000e-01  1.347801e+00  1.391844e+00  -4.404330e-02 
8.960000e-01  1.392827e+00  1.436826e+00  -4.399863e-02 
8.970000e-01  1.474216e+00  1.521025e+00  -4.680888e-02 
8.980000e-01  1.487304e+00  1.528965e+00  -4.166110e-02 
8.990000e-01  1.455150e+00  1.501984e+00  -4.683390e-02 
9.000000e-01  1.451975e+00  1.501470e+00  -4.949449e-02 
9.010000e-01  1.422134e+00  1.476800e+00  -5.466655e-02 
9.020000e-01  1.454285e+00  1.508730e+00  -5.444513e-02 
9.030000e-01  1.374328e+00  1.428747e+00  -5.441932e-02 
9.040000e-01  1.349695e+00  1.407350e+00  -5.765557e-02 
9.050000e-01  1.350489e+00  1.404505e+00  -5.401664e-02 
9.060000e-01  1.362020e+00  1.415408e+00  -5.338786e-02 
9.070000e-01  1.437186e+00  1.492032e+00  -5.484663e-02 
9.080000e-01  1.434978e+00  1.490171e+00  -5.519321e-02 
9.090000e-01  1.379227e+00  1.436338e+00  -5.711083e-02 
9.100000e-01  1.382087e+00  1.432823e+00  -5.073599e-02 
9.110000e-01  1.366202e+00  1.416861e+00  -5.065854e-02 
9.120000e-01  1.406059e+00  1.456423e+00  -5.036437e-02 
9.130000e-01  1.387810e+00  1.436409e+00  -4.859944e-02 
9.140000e-01  1.395958e+00  1.445450e+00  -4.949122e-02 
9.150000e-01  1.344400e+00  1.391312e+00  -4.691201e-02 
9.160000e-01  1.355094e+00  1.398969e+00  -4.387535e-02 
9.170000e-01  1.380268e+00  1.423610e+00  -4.334197e-02 
9.180000e-01  1.407500e+00  1.446950e+00  -3.944973e-02 
9.190000e-01  1.403877e+00  1.439741e+00  -3.586337e-02 
9.200000e-01  1.374704e+00  1.410305e+00  -3.560102e-02 
9.210000e-01  1.353758e+00  1.388512e+00  -3.475415e-02 
9.220000e-01  1.372222e+00  1.400317e+00  -2.809433e-02 
9.230000e-01  1.384849e+00  1.414476e+00  -2.962683e-02 
9.240000e-01  1.350080e+00  1.378311e+00  -2.823138e-02 
9.250000e-01  1.304909e+00  1.332865e+00  -2.795651e-02 
9.260000e-01  1.289062e+00  1.317702e+00  -2.863985e-02 
9.270000e-01  1.270935e+00  1.295287e+00  -2.435142e-02 
9.280000e-01  1.282223e+00  1.304687e+00  -2.246354e-02 
9.290000e-01  1.313459e+00  1.329940e+00  -1.648074e-02 
9.300000e-01  1.288574e+00  1.308941e+00  -2.036698e-02 
9.310000e-01  1.309347e+00  1.329704e+00  -2.035678e-02 
9.320000e-01  1.321306e+00  1.341181e+00  -1.987494e-02 
9.330000e-01  1.298279e+00  1.319527e+00  -2.124839e-02 
9.340000e-01  1.261533e+00  1.286525e+00  -2.499193e-02 
9.350000e-01  1.225213e+00  1.251072e+00  -2.585878e-02 
9.360000e-01  1.230052e+00  1.251778e+00  -2.172625e-02 
9.370000e-01  1.257436e+00  1.280153e+00  -2.271706e-02 
9.380000e-01  1.279147e+00  1.308790e+00  -2.964287e-02 
9.390000e-01  1.248133e+00  1.287665e+00  -3.953142e-02 
9.400000e-01  1.266793e+00  1.306816e+00  -4.002289e-02 
9.410000e-01  1.269485e+00  1.310740e+00  -4.125486e-02 
9.420000e-01  1.293587e+00  1.331843e+00  -3.825637e-02 
9.430000e-01  1.337581e+00  1.383231e+00  -4.564923e-02 
9.440000e-01  1.399555e+00  1.445278e+00  -4.572317e-02 
9.450000e-01  1.388790e+00  1.433172e+00  -4.438142e-02 
9.460000e-01  1.359738e+00  1.400659e+00  -4.092124e-02 
9.470000e-01  1.371998e+00  1.417618e+00  -4.561996e-02 
9.480000e-01  1.357176e+00  1.400469e+00  -4.329302e-02 
9.490000e-01  1.361839e+00  1.404007e+00  -4.216824e-02 
9.500000e-01  1.413295e+00  1.456297e+00  -4.300230e-02 
9.510000e-01  1.425271e+00  1.460421e+00  -3.515062e-02 
9.520000e-01  1.448429e+00  1.477775e+00  -2.934616e-02 
9.530000e-01  1.410857e+00  1.433535e+00  -2.267780e-02 
9.540000e-01  1.372334e+00  1.394405e+00  -2.207070e-02 
9.550000e-01  1.383659e+00  1.401054e+00  -1.739483e-02 
9.560000e-01  1.391522e+00  1.409946e+00  -1.842344e-02 
9.570000e-01  1.328840e+00  1.349541e+00  -2.070019e-02 
9.580000e-01  1.357771e+00  1.377573e+00  -1.980180e-02 
9.590000e-01  1.342587e+00  1.365569e+00  -2.298224e-02 
9.600000e-01  1.339649e+00  1.359127e+00  -1.947754e-02 
9.610000e-01  1.301620e+00  1.317468e+00  -1.584852e-02 
9.620000e-01  1.344181e+00  1.360028e+00  -1.584720e-02 
9.630000e-01  1.413030e+00  1.426542e+00  -1.351155e-02 
9.640000e-01  1.392420e+00  1.413973e+00  -2.155297e-02 
9.650000e-01  1.392422e+00  1.408429e+00  -1.600692e-02 
9.660000e-01  1.416477e+00  1.437437e+00  -2.095991e-02 
9.670000e-01  1.350267e+00  1.367400e+00  -1.713360e-02 
9.680000e-01  1.319233e+00  1.342951e+00  -2.371838e-02 
9.690000e-01  1.281729e+00  1.308287e+00  -2.655832e-02 
9.700000e-01  1.253629e+00  1.280027e+00  -2.639876e-02 
9.710000e-01  1.289929e+00  1.317977e+00  -2.804867e-02 
9.720000e-01  1.268907e+00  1.294533e+00  -2.562662e-02 
9.730000e-01  1.341210e+00  1.368759e+00  -2.754911e-02 
9.740000e-01  1.345600e+00  1.378610e+00  -3.301007e-02 
9.750000e-01  1.341412e+00  1.378239e+00  -3.682667e-02 
9.760000e-01  1.290312e+00  1.326994e+00  -3.668184e-02 
9.770000e-01  1.291376e+00  1.329456e+00  -3.807991e-02 
9.780000e-01  1.298462e+00  1.343314e+00  -4.485240e-02 
9.790000e-01  1.336374e+00  1.380327e+00  -4.395334e-02 
9.800000e-01  1.341581e+00  1.386606e+00  -4.502439e-02 
9.810000e-01  1.323369e+00  1.374717e+00  -5.134843e-02 
9.820000e-01  1.393268e+00  1.444093e+00  -5.082578e-02 
9.830000e-01  1.358312e+00  1.422035e+00  -6.372323e-02 
9.840000e-01  1.356073e+00  1.421662e+00  -6.558879e-02 
9.850000e-01  1.395459e+00  1.460470e+00  -6.501122e-02 
9.860000e-01  1.403718e+00  1.471662e+00  -6.794358e-02 
9.870000e-01  1.362539e+00  1.432489e+00  -6.995035e-02 
9.880000e-01  1.370069e+00  1.439851e+00  -6.978201e-02 
9.890000e-01  1.415998e+00  1.484630e+00  -6.863196e-02 
9.900000e-01  1.422600e+00  1.490402e+00  -6.780204e-02 
9.910000e-01  1.368974e+00  1.435520e+00  -6.654552e-02 
9.920000e-01  1.403151e+00  1.467607e+00  -6.445582e-02 
9.930000e-01  1.440186e+00  1.511015e+00  -7.082934e-02 
9.940000e-01  1.439533e+00  1.504799e+00  -6.526680e-02 
9.950000e-01  1.429669e+00  1.492620e+00  -6.295128e-02 
9.960000e-01  1.452670e+00  1.516927e+00  -6.425695e-02 
9.970000e-01  1.407196e+00  1.469585e+00  -6.238919e-02 
9.980000e-01  1.383653e+00  1.441427e+00  -5.777384e-02 
9.990000e-01  1.364344e+00  1.421730e+00  -5.738604e-02 
