0.000000e+00  1.000000e+00  1.000000e+00  0.000000e+00 
1.000000e-03  1.015716e+00  9.839160e-01  3.179953e-02 
2.000000e-03  1.030238e+00  9.829160e-01  4.732202e-02 
3.000000e-03  9.864639e-01  9.306764e-01  5.578749e-02 
4.000000e-03  9.638553e-01  9.254202e-01  3.843514e-02 
5.000000e-03  9.565066e-01  9.252717e-01  3.123493e-02 
6.000000e-03  9.768433e-01  9.512235e-01  2.561978e-02 
7.000000e-03  1.008235e+00  9.734851e-01  3.475018e-02 
8.000000e-03  1.000590e+00  9.756033e-01  2.498655e-02 
9.000000e-03  9.973448e-01  9.768570e-01  2.048784e-02 
1.000000e-02  9.870509e-01  9.674309e-01  1.962000e-02 
1.100000e-02  9.500964e-01  9.490340e-01  1.062483e-03 
1.200000e-02  9.646136e-01  9.314059e-01  3.320770e-02 
1.300000e-02  9.901552e-01  9.924652e-01  -2.310056e-03 
1.400000e-02  9.852346e-01  9.855059e-01  -2.713148e-04 
1.500000e-02  1.028756e+00  1.056709e+00  -2.795292e-02 
1.600000e-02  1.058472e+00  1.044708e+00  1.376465e-02 
1.700000e-02  1.067269e+00  1.052667e+00  1.460224e-02 
1.800000e-02  1.073450e+00  1.058306e+00  1.514417e-02 
1.900000e-02  1.104822e+00  1.111912e+00  -7.090488e-03 
2.000000e-02  1.141114e+00  1.154614e+00  -1.349932e-02 
2.100000e-02  1.175133e+00  1.180949e+00  -5.815718e-03 
2.200000e-02  1.209946e+00  1.208152e+00  1.794343e-03 
2.300000e-02  1.202094e+00  1.165149e+00  3.694570e-02 
2.400000e-02  1.210766e+00  1.174105e+00  3.666162e-02 
2.500000e-02  1.196643e+00  1.164369e+00  3.227363e-02 
2.600000e-02  1.243520e+00  1.210416e+00  3.310428e-02 
2.700000e-02  1.225414e+00  1.174628e+00  5.078664e-02 
2.800000e-02  1.220695e+00  1.147141e+00  7.355423e-02 
2.900000e-02  1.225649e+00  1.128302e+00  9.734701e-02 
3.000000e-02  1.236092e+00  1.139750e+00  9.634221e-02 
3.100000e-02  1.216735e+00  1.143022e+00  7.371291e-02 
3.200000e-02  1.223788e+00  1.143714e+00  8.007373e-02 
3.300000e-02  1.222557e+00  1.141602e+00  8.095485e-02 
3.400000e-02  1.201220e+00  1.143907e+00  5.731264e-02 
3.500000e-02  1.195148e+00  1.144018e+00  5.112966e-02 
3.600000e-02  1.202844e+00  1.153066e+00  4.977815e-02 
3.700000e-02  1.208717e+00  1.176437e+00  3.227962e-02 
3.800000e-02  1.219584e+00  1.167343e+00  5.224182e-02 
3.900000e-02  1.207021e+00  1.168477e+00  3.854337e-02 
4.000000e-02  1.231621e+00  1.231434e+00  1.869009e-04 
4.100000e-02  1.241669e+00  1.280463e+00  -3.879475e-02 
4.200000e-02  1.237654e+00  1.314740e+00  -7.708600e-02 
4.300000e-02  1.238792e+00  1.332165e+00  -9.337299e-02 
4.400000e-02  1.276867e+00  1.343332e+00  -6.646522e-02 
4.500000e-02  1.269847e+00  1.301732e+00  -3.188468e-02 
4.600000e-02  1.258725e+00  1.252954e+00  5.771167e-03 
4.700000e-02  1.212852e+00  1.201570e+00  1.128207e-02 
4.800000e-02  1.213375e+00  1.195063e+00  1.831169e-02 
4.900000e-02  1.222506e+00  1.199016e+00  2.348956e-02 
5.000000e-02  1.191902e+00  1.147974e+00  4.392768e-02 
5.100000e-02  1.167198e+00  1.140100e+00  2.709814e-02 
5.200000e-02  1.147906e+00  1.122934e+00  2.497179e-02 
5.300000e-02  1.198483e+00  1.164350e+00  3.413287e-02 
5.400000e-02  1.201976e+00  1.201155e+00  8.210256e-04 
5.500000e-02  1.182037e+00  1.168316e+00  1.372122e-02 
5.600000e-02  1.180131e+00  1.169523e+00  1.060823e-02 
5.700000e-02  1.211825e+00  1.200677e+00  1.114756e-02 
5.800000e-02  1.218411e+00  1.208763e+00  9.647604e-03 
5.900000e-02  1.274647e+00  1.317072e+00  -4.242431e-02 
6.000000e-02  1.292007e+00  1.300775e+00  -8.768172e-03 
6.100000e-02  1.292407e+00  1.324676e+00  -3.226869e-02 
6.200000e-02  1.314806e+00  1.304232e+00  1.057394e-02 
6.300000e-02  1.297463e+00  1.268019e+00  2.944434e-02 
6.400000e-02  1.289626e+00  1.285457e+00  4.169905e-03 
6.500000e-02  1.303889e+00  1.305107e+00  -1.218537e-03 
6.600000e-02  1.267840e+00  1.255718e+00  1.212215e-02 
6.700000e-02  1.266715e+00  1.293296e+00  -2.658063e-02 
6.800000e-02  1.270301e+00  1.288370e+00  -1.806887e-02 
6.900000e-02  1.295210e+00  1.338324e+00  -4.311374e-02 
7.000000e-02  1.328896e+00  1.415237e+00  -8.634186e-02 
7.100000e-02  1.333128e+00  1.421334e+00  -8.820640e-02 
7.200000e-02  1.344536e+00  1.450189e+00  -1.056522e-01 
7.300000e-02  1.365706e+00  1.454445e+00  -8.873904e-02 
7.400000e-02  1.353952e+00  1.454534e+00  -1.005820e-01 
7.500000e-02  1.342292e+00  1.446334e+00  -1.040419e-01 
7.600000e-02  1.316146e+00  1.395604e+00  -7.945853e-02 
7.700000e-02  1.335302e+00  1.429573e+00  -9.427100e-02 
7.800000e-02  1.332536e+00  1.426549e+00  -9.401294e-02 
7.900000e-02  1.353645e+00  1.462146e+00  -1.085009e-01 
8.000000e-02  1.353243e+00  1.499486e+00  -1.462425e-01 
8.100000e-02  1.323697e+00  1.432609e+00  -1.089120e-01 
8.200000e-02  1.320433e+00  1.443647e+00  -1.232137e-01 
8.300000e-02  1.309136e+00  1.396788e+00  -8.765226e-02 
8.400000e-02  1.317840e+00  1.381835e+00  -6.399503e-02 
8.500000e-02  1.332071e+00  1.390006e+00  -5.793438e-02 
8.600000e-02  1.330731e+00  1.392297e+00  -6.156583e-02 
8.700000e-02  1.293846e+00  1.371054e+00  -7.720745e-02 
8.800000e-02  1.276643e+00  1.368585e+00  -9.194209e-02 
8.900000e-02  1.292066e+00  1.375558e+00  -8.349204e-02 
9.000000e-02  1.283032e+00  1.364679e+00  -8.164648e-02 
9.100000e-02  1.312632e+00  1.375337e+00  -6.270490e-02 
9.200000e-02  1.335619e+00  1.363026e+00  -2.740762e-02 
9.300000e-02  1.350953e+00  1.382456e+00  -3.150324e-02 
9.400000e-02  1.337778e+00  1.361613e+00  -2.383471e-02 
9.500000e-02  1.320757e+00  1.347578e+00  -2.682093e-02 
9.600000e-02  1.330704e+00  1.362859e+00  -3.215485e-02 
9.700000e-02  1.344253e+00  1.341914e+00  2.339743e-03 
9.800000e-02  1.362290e+00  1.370259e+00  -7.969243e-03 
9.900000e-02  1.395794e+00  1.377333e+00  1.846010e-02 
1.000000e-01  1.389332e+00  1.376086e+00  1.324661e-02 
1.010000e-01  1.387765e+00  1.358723e+00  2.904260e-02 
1.020000e-01  1.391774e+00  1.357347e+00  3.442712e-02 
1.030000e-01  1.355605e+00  1.326282e+00  2.932326e-02 
1.040000e-01  1.347662e+00  1.313295e+00  3.436739e-02 
1.050000e-01  1.374397e+00  1.341141e+00  3.325562e-02 
1.060000e-01  1.386827e+00  1.345685e+00  4.114139e-02 
1.070000e-01  1.419377e+00  1.397734e+00  2.164272e-02 
1.080000e-01  1.435860e+00  1.408793e+00  2.706788e-02 
1.090000e-01  1.428823e+00  1.409669e+00  1.915376e-02 
1.100000e-01  1.441496e+00  1.431058e+00  1.043769e-02 
1.110000e-01  1.441139e+00  1.446645e+00  -5.506863e-03 
1.120000e-01  1.439887e+00  1.467239e+00  -2.735139e-02 
1.130000e-01  1.429475e+00  1.418166e+00  1.130938e-02 
1.140000e-01  1.426859e+00  1.400135e+00  2.672369e-02 
1.150000e-01  1.444996e+00  1.431322e+00  1.367396e-02 
1.160000e-01  1.443435e+00  1.412376e+00  3.105952e-02 
1.170000e-01  1.445532e+00  1.429120e+00  1.641204e-02 
1.180000e-01  1.419405e+00  1.430737e+00  -1.133209e-02 
1.190000e-01  1.405775e+00  1.367391e+00  3.838428e-02 
1.200000e-01  1.445850e+00  1.463071e+00  -1.722139e-02 
1.210000e-01  1.431517e+00  1.456249e+00  -2.473205e-02 
1.220000e-01  1.428805e+00  1.395693e+00  3.311273e-02 
1.230000e-01  1.422594e+00  1.392065e+00  3.052897e-02 
1.240000e-01  1.412052e+00  1.381789e+00  3.026237e-02 
1.250000e-01  1.417912e+00  1.363644e+00  5.426773e-02 
1.260000e-01  1.403323e+00  1.325789e+00  7.753420e-02 
1.270000e-01  1.397335e+00  1.322961e+00  7.437466e-02 
1.280000e-01  1.393538e+00  1.343429e+00  5.010854e-02 
1.290000e-01  1.387191e+00  1.343001e+00  4.418954e-02 
1.300000e-01  1.411430e+00  1.381517e+00  2.991247e-02 
1.310000e-01  1.423956e+00  1.365423e+00  5.853258e-02 
1.320000e-01  1.401724e+00  1.341268e+00  6.045660e-02 
1.330000e-01  1.405827e+00  1.375495e+00  3.033212e-02 
1.340000e-01  1.421352e+00  1.433031e+00  -1.167923e-02 
1.350000e-01  1.408440e+00  1.471647e+00  -6.320683e-02 
1.360000e-01  1.417589e+00  1.421659e+00  -4.069764e-03 
1.370000e-01  1.374635e+00  1.377397e+00  -2.761412e-03 
1.380000e-01  1.379748e+00  1.410871e+00  -3.112357e-02 
1.390000e-01  1.407469e+00  1.438355e+00  -3.088544e-02 
1.400000e-01  1.418991e+00  1.420532e+00  -1.541555e-03 
1.410000e-01  1.436869e+00  1.441950e+00  -5.080916e-03 
1.420000e-01  1.442765e+00  1.439427e+00  3.337507e-03 
1.430000e-01  1.458521e+00  1.446652e+00  1.186905e-02 
1.440000e-01  1.445903e+00  1.405606e+00  4.029725e-02 
1.450000e-01  1.439615e+00  1.433393e+00  6.221255e-03 
1.460000e-01  1.449866e+00  1.475326e+00  -2.546066e-02 
1.470000e-01  1.469055e+00  1.504295e+00  -3.523966e-02 
1.480000e-01  1.494463e+00  1.551643e+00  -5.717988e-02 
1.490000e-01  1.515186e+00  1.598531e+00  -8.334497e-02 
1.500000e-01  1.535970e+00  1.622726e+00  -8.675578e-02 
1.510000e-01  1.539182e+00  1.662290e+00  -1.231082e-01 
1.520000e-01  1.570753e+00  1.707137e+00  -1.363836e-01 
1.530000e-01  1.561986e+00  1.631673e+00  -6.968717e-02 
1.540000e-01  1.550987e+00  1.571854e+00  -2.086659e-02 
1.550000e-01  1.570563e+00  1.563320e+00  7.243249e-03 
1.560000e-01  1.566015e+00  1.526259e+00  3.975642e-02 
1.570000e-01  1.575973e+00  1.507285e+00  6.868849e-02 
1.580000e-01  1.573648e+00  1.532253e+00  4.139536e-02 
1.590000e-01  1.544209e+00  1.508278e+00  3.593088e-02 
1.600000e-01  1.555031e+00  1.570551e+00  -1.551947e-02 
1.610000e-01  1.572602e+00  1.614214e+00  -4.161169e-02 
1.620000e-01  1.561670e+00  1.599638e+00  -3.796838e-02 
1.630000e-01  1.548278e+00  1.575325e+00  -2.704756e-02 
1.640000e-01  1.582793e+00  1.626123e+00  -4.332980e-02 
1.650000e-01  1.592017e+00  1.622149e+00  -3.013231e-02 
1.660000e-01  1.594643e+00  1.608046e+00  -1.340363e-02 
1.670000e-01  1.593974e+00  1.660898e+00  -6.692386e-02 
1.680000e-01  1.594222e+00  1.637131e+00  -4.290986e-02 
1.690000e-01  1.584178e+00  1.614826e+00  -3.064792e-02 
1.700000e-01  1.593744e+00  1.613359e+00  -1.961555e-02 
1.710000e-01  1.596856e+00  1.576443e+00  2.041315e-02 
1.720000e-01  1.598057e+00  1.540924e+00  5.713375e-02 
1.730000e-01  1.593011e+00  1.520075e+00  7.293574e-02 
1.740000e-01  1.573237e+00  1.492710e+00  8.052718e-02 
1.750000e-01  1.558464e+00  1.475324e+00  8.314054e-02 
1.760000e-01  1.549749e+00  1.464959e+00  8.479006e-02 
1.770000e-01  1.560350e+00  1.472613e+00  8.773674e-02 
1.780000e-01  1.572017e+00  1.513367e+00  5.865079e-02 
1.790000e-01  1.583416e+00  1.493073e+00  9.034306e-02 
1.800000e-01  1.559498e+00  1.479293e+00  8.020418e-02 
1.810000e-01  1.560435e+00  1.477653e+00  8.278167e-02 
1.820000e-01  1.549925e+00  1.447229e+00  1.026955e-01 
1.830000e-01  1.588745e+00  1.453058e+00  1.356868e-01 
1.840000e-01  1.615223e+00  1.476812e+00  1.384114e-01 
1.850000e-01  1.605423e+00  1.456133e+00  1.492900e-01 
1.860000e-01  1.609353e+00  1.477381e+00  1.319719e-01 
1.870000e-01  1.626425e+00  1.466534e+00  1.598913e-01 
1.880000e-01  1.625465e+00  1.497441e+00  1.280234e-01 
1.890000e-01  1.599291e+00  1.462761e+00  1.365297e-01 
1.900000e-01  1.578319e+00  1.443068e+00  1.352511e-01 
1.910000e-01  1.606034e+00  1.492962e+00  1.130727e-01 
1.920000e-01  1.604495e+00  1.441895e+00  1.626000e-01 
1.930000e-01  1.638066e+00  1.432294e+00  2.057714e-01 
1.940000e-01  1.625789e+00  1.362170e+00  2.636192e-01 
1.950000e-01  1.609214e+00  1.300733e+00  3.084805e-01 
1.960000e-01  1.625071e+00  1.298354e+00  3.267174e-01 
1.970000e-01  1.604472e+00  1.268455e+00  3.360170e-01 
1.980000e-01  1.614267e+00  1.267676e+00  3.465911e-01 
1.990000e-01  1.609108e+00  1.223518e+00  3.855894e-01 
2.000000e-01  1.615858e+00  1.280867e+00  3.349909e-01 
2.010000e-01  1.615128e+00  1.268873e+00  3.462543e-01 
2.020000e-01  1.601653e+00  1.325950e+00  2.757031e-01 
2.030000e-01  1.598259e+00  1.359525e+00  2.387345e-01 
2.040000e-01  1.592517e+00  1.329034e+00  2.634830e-01 
2.050000e-01  1.582668e+00  1.315735e+00  2.669331e-01 
2.060000e-01  1.549332e+00  1.233010e+00  3.163224e-01 
2.070000e-01  1.549939e+00  1.237758e+00  3.121814e-01 
2.080000e-01  1.562200e+00  1.288301e+00  2.738984e-01 
2.090000e-01  1.539611e+00  1.218936e+00  3.206747e-01 
2.100000e-01  1.538692e+00  1.283601e+00  2.550916e-01 
2.110000e-01  1.551577e+00  1.274949e+00  2.766275e-01 
2.120000e-01  1.550110e+00  1.241596e+00  3.085134e-01 
2.130000e-01  1.552676e+00  1.213603e+00  3.390728e-01 
2.140000e-01  1.569796e+00  1.242446e+00  3.273500e-01 
2.150000e-01  1.571587e+00  1.237234e+00  3.343524e-01 
2.160000e-01  1.564913e+00  1.245488e+00  3.194242e-01 
2.170000e-01  1.551565e+00  1.302264e+00  2.493014e-01 
2.180000e-01  1.557720e+00  1.275175e+00  2.825454e-01 
2.190000e-01  1.552849e+00  1.322889e+00  2.299598e-01 
2.200000e-01  1.532973e+00  1.370782e+00  1.621913e-01 
2.210000e-01  1.520380e+00  1.344448e+00  1.759321e-01 
2.220000e-01  1.522972e+00  1.384432e+00  1.385397e-01 
2.230000e-01  1.538170e+00  1.428772e+00  1.093975e-01 
2.240000e-01  1.532978e+00  1.427544e+00  1.054335e-01 
2.250000e-01  1.529801e+00  1.418555e+00  1.112466e-01 
2.260000e-01  1.516620e+00  1.397619e+00  1.190018e-01 
2.270000e-01  1.509023e+00  1.402669e+00  1.063535e-01 
2.280000e-01  1.507872e+00  1.407598e+00  1.002736e-01 
2.290000e-01  1.509404e+00  1.402726e+00  1.066779e-01 
2.300000e-01  1.508884e+00  1.395264e+00  1.136198e-01 
2.310000e-01  1.518543e+00  1.467028e+00  5.151540e-02 
2.320000e-01  1.505111e+00  1.471018e+00  3.409294e-02 
2.330000e-01  1.477821e+00  1.489045e+00  -1.122358e-02 
2.340000e-01  1.477077e+00  1.477938e+00  -8.611555e-04 
2.350000e-01  1.460964e+00  1.476199e+00  -1.523421e-02 
2.360000e-01  1.466739e+00  1.470104e+00  -3.365715e-03 
2.370000e-01  1.472545e+00  1.458830e+00  1.371493e-02 
2.380000e-01  1.489472e+00  1.481980e+00  7.491443e-03 
2.390000e-01  1.498419e+00  1.530197e+00  -3.177792e-02 
2.400000e-01  1.454819e+00  1.489339e+00  -3.451988e-02 
2.410000e-01  1.452922e+00  1.514299e+00  -6.137722e-02 
2.420000e-01  1.448503e+00  1.516064e+00  -6.756129e-02 
2.430000e-01  1.430802e+00  1.512996e+00  -8.219391e-02 
2.440000e-01  1.445605e+00  1.527761e+00  -8.215594e-02 
2.450000e-01  1.447090e+00  1.528811e+00  -8.172165e-02 
2.460000e-01  1.461239e+00  1.551921e+00  -9.068265e-02 
2.470000e-01  1.447598e+00  1.580729e+00  -1.331301e-01 
2.480000e-01  1.431511e+00  1.597616e+00  -1.661049e-01 
2.490000e-01  1.452569e+00  1.625612e+00  -1.730432e-01 
2.500000e-01  1.456317e+00  1.600966e+00  -1.446489e-01 
2.510000e-01  1.466365e+00  1.582928e+00  -1.165627e-01 
2.520000e-01  1.422562e+00  1.546600e+00  -1.240380e-01 
2.530000e-01  1.420241e+00  1.550851e+00  -1.306096e-01 
2.540000e-01  1.406987e+00  1.558823e+00  -1.518360e-01 
2.550000e-01  1.421676e+00  1.574761e+00  -1.530850e-01 
2.560000e-01  1.395276e+00  1.551600e+00  -1.563239e-01 
2.570000e-01  1.388639e+00  1.518186e+00  -1.295473e-01 
2.580000e-01  1.394299e+00  1.517248e+00  -1.229487e-01 
2.590000e-01  1.384475e+00  1.532621e+00  -1.481460e-01 
2.600000e-01  1.382981e+00  1.522388e+00  -1.394066e-01 
2.610000e-01  1.404703e+00  1.525858e+00  -1.211542e-01 
2.620000e-01  1.417546e+00  1.487812e+00  -7.026569e-02 
2.630000e-01  1.397099e+00  1.447349e+00  -5.024987e-02 
2.640000e-01  1.413814e+00  1.467034e+00  -5.321915e-02 
2.650000e-01  1.408034e+00  1.473198e+00  -6.516460e-02 
2.660000e-01  1.383088e+00  1.389378e+00  -6.289832e-03 
2.670000e-01  1.352888e+00  1.365003e+00  -1.211565e-02 
2.680000e-01  1.381943e+00  1.409726e+00  -2.778293e-02 
2.690000e-01  1.406155e+00  1.396432e+00  9.722477e-03 
2.700000e-01  1.437767e+00  1.405629e+00  3.213778e-02 
2.710000e-01  1.406206e+00  1.363436e+00  4.276974e-02 
2.720000e-01  1.425230e+00  1.368892e+00  5.633759e-02 
2.730000e-01  1.440171e+00  1.347268e+00  9.290297e-02 
2.740000e-01  1.477171e+00  1.350712e+00  1.264589e-01 
2.750000e-01  1.493534e+00  1.430779e+00  6.275501e-02 
2.760000e-01  1.473615e+00  1.422314e+00  5.130152e-02 
2.770000e-01  1.508842e+00  1.452107e+00  5.673509e-02 
2.780000e-01  1.498449e+00  1.439194e+00  5.925487e-02 
2.790000e-01  1.510232e+00  1.438053e+00  7.217989e-02 
2.800000e-01  1.507754e+00  1.368131e+00  1.396234e-01 
2.810000e-01  1.495393e+00  1.354818e+00  1.405751e-01 
2.820000e-01  1.512564e+00  1.328737e+00  1.838269e-01 
2.830000e-01  1.495199e+00  1.343540e+00  1.516597e-01 
2.840000e-01  1.476435e+00  1.369078e+00  1.073576e-01 
2.850000e-01  1.485075e+00  1.362369e+00  1.227062e-01 
2.860000e-01  1.495198e+00  1.403087e+00  9.211043e-02 
2.870000e-01  1.497774e+00  1.388799e+00  1.089751e-01 
2.880000e-01  1.493504e+00  1.390317e+00  1.031873e-01 
2.890000e-01  1.500670e+00  1.431963e+00  6.870698e-02 
2.900000e-01  1.478430e+00  1.420044e+00  5.838557e-02 
2.910000e-01  1.459034e+00  1.371782e+00  8.725211e-02 
2.920000e-01  1.478043e+00  1.373574e+00  1.044690e-01 
2.930000e-01  1.487268e+00  1.422356e+00  6.491206e-02 
2.940000e-01  1.462095e+00  1.399520e+00  6.257407e-02 
2.950000e-01  1.448805e+00  1.385132e+00  6.367349e-02 
2.960000e-01  1.451717e+00  1.397761e+00  5.395536e-02 
2.970000e-01  1.447397e+00  1.383119e+00  6.427737e-02 
2.980000e-01  1.441930e+00  1.410258e+00  3.167212e-02 
2.990000e-01  1.487179e+00  1.463044e+00  2.413582e-02 
3.000000e-01  1.472446e+00  1.428115e+00  4.433076e-02 
3.010000e-01  1.473585e+00  1.438839e+00  3.474638e-02 
3.020000e-01  1.462746e+00  1.448097e+00  1.464906e-02 
3.030000e-01  1.476398e+00  1.472079e+00  4.319565e-03 
3.040000e-01  1.496026e+00  1.522635e+00  -2.660935e-02 
3.050000e-01  1.513627e+00  1.547107e+00  -3.348053e-02 
3.060000e-01  1.533063e+00  1.567461e+00  -3.439761e-02 
3.070000e-01  1.551102e+00  1.610664e+00  -5.956165e-02 
3.080000e-01  1.532123e+00  1.571354e+00  -3.923089e-02 
3.090000e-01  1.522252e+00  1.578913e+00  -5.666106e-02 
3.100000e-01  1.506229e+00  1.532836e+00  -2.660692e-02 
3.110000e-01  1.523034e+00  1.580780e+00  -5.774510e-02 
3.120000e-01  1.544788e+00  1.644037e+00  -9.924920e-02 
3.130000e-01  1.545635e+00  1.666461e+00  -1.208267e-01 
3.140000e-01  1.543193e+00  1.644951e+00  -1.017575e-01 
3.150000e-01  1.554067e+00  1.647681e+00  -9.361362e-02 
3.160000e-01  1.569794e+00  1.640156e+00  -7.036168e-02 
3.170000e-01  1.585658e+00  1.641063e+00  -5.540523e-02 
3.180000e-01  1.580557e+00  1.661076e+00  -8.051894e-02 
3.190000e-01  1.573221e+00  1.654269e+00  -8.104761e-02 
3.200000e-01  1.581799e+00  1.690273e+00  -1.084744e-01 
3.210000e-01  1.578851e+00  1.705619e+00  -1.267676e-01 
3.220000e-01  1.556073e+00  1.706496e+00  -1.504237e-01 
3.230000e-01  1.549557e+00  1.680443e+00  -1.308855e-01 
3.240000e-01  1.540537e+00  1.657002e+00  -1.164645e-01 
3.250000e-01  1.507646e+00  1.636752e+00  -1.291055e-01 
3.260000e-01  1.528749e+00  1.635427e+00  -1.066787e-01 
3.270000e-01  1.551807e+00  1.661985e+00  -1.101781e-01 
3.280000e-01  1.518524e+00  1.647584e+00  -1.290603e-01 
3.290000e-01  1.491205e+00  1.618955e+00  -1.277495e-01 
3.300000e-01  1.500937e+00  1.614235e+00  -1.132976e-01 
3.310000e-01  1.497789e+00  1.548322e+00  -5.053203e-02 
3.320000e-01  1.510550e+00  1.586376e+00  -7.582556e-02 
3.330000e-01  1.523389e+00  1.637513e+00  -1.141246e-01 
3.340000e-01  1.492445e+00  1.642323e+00  -1.498783e-01 
3.350000e-01  1.489793e+00  1.642540e+00  -1.527466e-01 
3.360000e-01  1.476848e+00  1.658743e+00  -1.818954e-01 
3.370000e-01  1.469536e+00  1.677097e+00  -2.075608e-01 
3.380000e-01  1.444226e+00  1.684984e+00  -2.407579e-01 
3.390000e-01  1.485959e+00  1.717340e+00  -2.313802e-01 
3.400000e-01  1.500488e+00  1.692621e+00  -1.921332e-01 
3.410000e-01  1.500990e+00  1.723619e+00  -2.226287e-01 
3.420000e-01  1.485495e+00  1.699015e+00  -2.135205e-01 
3.430000e-01  1.468795e+00  1.715760e+00  -2.469652e-01 
3.440000e-01  1.473441e+00  1.712358e+00  -2.389172e-01 
3.450000e-01  1.430212e+00  1.666952e+00  -2.367396e-01 
3.460000e-01  1.442706e+00  1.696866e+00  -2.541599e-01 
3.470000e-01  1.421056e+00  1.709780e+00  -2.887238e-01 
3.480000e-01  1.446887e+00  1.704866e+00  -2.579789e-01 
3.490000e-01  1.439880e+00  1.728486e+00  -2.886059e-01 
3.500000e-01  1.438258e+00  1.723132e+00  -2.848743e-01 
3.510000e-01  1.433992e+00  1.716992e+00  -2.830006e-01 
3.520000e-01  1.426372e+00  1.704735e+00  -2.783626e-01 
3.530000e-01  1.382135e+00  1.689989e+00  -3.078539e-01 
3.540000e-01  1.430191e+00  1.761023e+00  -3.308316e-01 
3.550000e-01  1.402050e+00  1.742598e+00  -3.405483e-01 
3.560000e-01  1.404524e+00  1.705499e+00  -3.009743e-01 
3.570000e-01  1.406013e+00  1.701570e+00  -2.955570e-01 
3.580000e-01  1.389144e+00  1.695454e+00  -3.063101e-01 
3.590000e-01  1.379683e+00  1.753708e+00  -3.740257e-01 
3.600000e-01  1.393500e+00  1.800279e+00  -4.067793e-01 
3.610000e-01  1.436695e+00  1.835171e+00  -3.984753e-01 
3.620000e-01  1.426636e+00  1.812687e+00  -3.860505e-01 
3.630000e-01  1.426177e+00  1.798220e+00  -3.720437e-01 
3.640000e-01  1.387632e+00  1.764390e+00  -3.767578e-01 
3.650000e-01  1.379263e+00  1.814283e+00  -4.350198e-01 
3.660000e-01  1.369026e+00  1.748196e+00  -3.791697e-01 
3.670000e-01  1.382787e+00  1.767403e+00  -3.846153e-01 
3.680000e-01  1.426571e+00  1.840609e+00  -4.140378e-01 
3.690000e-01  1.430750e+00  1.822334e+00  -3.915835e-01 
3.700000e-01  1.472983e+00  1.895454e+00  -4.224709e-01 
3.710000e-01  1.461408e+00  1.853819e+00  -3.924106e-01 
3.720000e-01  1.456316e+00  1.832247e+00  -3.759306e-01 
3.730000e-01  1.466517e+00  1.762139e+00  -2.956224e-01 
3.740000e-01  1.446861e+00  1.740771e+00  -2.939103e-01 
3.750000e-01  1.441221e+00  1.699412e+00  -2.581910e-01 
3.760000e-01  1.439996e+00  1.737547e+00  -2.975513e-01 
3.770000e-01  1.465392e+00  1.762296e+00  -2.969041e-01 
3.780000e-01  1.487046e+00  1.761908e+00  -2.748620e-01 
3.790000e-01  1.507151e+00  1.798522e+00  -2.913713e-01 
3.800000e-01  1.537662e+00  1.853014e+00  -3.153514e-01 
3.810000e-01  1.560243e+00  1.900835e+00  -3.405917e-01 
3.820000e-01  1.577451e+00  1.967604e+00  -3.901526e-01 
3.830000e-01  1.596310e+00  1.964175e+00  -3.678648e-01 
3.840000e-01  1.600409e+00  1.944966e+00  -3.445569e-01 
3.850000e-01  1.592246e+00  1.967030e+00  -3.747844e-01 
3.860000e-01  1.592546e+00  1.976609e+00  -3.840638e-01 
3.870000e-01  1.589642e+00  2.018847e+00  -4.292054e-01 
3.880000e-01  1.584020e+00  2.000006e+00  -4.159865e-01 
3.890000e-01  1.578929e+00  1.967836e+00  -3.889068e-01 
3.900000e-01  1.588825e+00  1.946966e+00  -3.581413e-01 
3.910000e-01  1.595767e+00  1.949638e+00  -3.538709e-01 
3.920000e-01  1.582917e+00  1.923669e+00  -3.407518e-01 
3.930000e-01  1.592002e+00  1.923684e+00  -3.316824e-01 
3.940000e-01  1.595789e+00  1.913069e+00  -3.172807e-01 
3.950000e-01  1.615378e+00  1.927624e+00  -3.122456e-01 
3.960000e-01  1.629894e+00  1.932840e+00  -3.029462e-01 
3.970000e-01  1.660935e+00  1.945654e+00  -2.847190e-01 
3.980000e-01  1.650431e+00  1.952557e+00  -3.021257e-01 
3.990000e-01  1.651333e+00  1.914239e+00  -2.629060e-01 
4.000000e-01  1.644646e+00  1.915145e+00  -2.704990e-01 
4.010000e-01  1.629435e+00  1.908453e+00  -2.790184e-01 
4.020000e-01  1.629892e+00  1.894931e+00  -2.650395e-01 
4.030000e-01  1.650667e+00  1.920661e+00  -2.699939e-01 
4.040000e-01  1.653947e+00  1.913820e+00  -2.598732e-01 
4.050000e-01  1.645192e+00  1.882195e+00  -2.370028e-01 
4.060000e-01  1.637299e+00  1.909734e+00  -2.724350e-01 
4.070000e-01  1.636424e+00  1.890308e+00  -2.538842e-01 
4.080000e-01  1.633668e+00  1.866012e+00  -2.323447e-01 
4.090000e-01  1.625788e+00  1.907688e+00  -2.818997e-01 
4.100000e-01  1.620446e+00  1.901886e+00  -2.814407e-01 
4.110000e-01  1.637132e+00  1.972897e+00  -3.357652e-01 
4.120000e-01  1.642720e+00  1.981356e+00  -3.386362e-01 
4.130000e-01  1.658172e+00  1.987554e+00  -3.293818e-01 
4.140000e-01  1.657893e+00  2.021294e+00  -3.634015e-01 
4.150000e-01  1.688340e+00  2.010675e+00  -3.223349e-01 
4.160000e-01  1.690713e+00  1.930312e+00  -2.395997e-01 
4.170000e-01  1.686922e+00  1.967259e+00  -2.803371e-01 
4.180000e-01  1.686197e+00  1.978675e+00  -2.924784e-01 
4.190000e-01  1.680934e+00  1.955925e+00  -2.749908e-01 
4.200000e-01  1.687676e+00  1.961182e+00  -2.735059e-01 
4.210000e-01  1.699191e+00  1.988824e+00  -2.896328e-01 
4.220000e-01  1.704942e+00  1.976701e+00  -2.717595e-01 
4.230000e-01  1.703130e+00  1.974271e+00  -2.711411e-01 
4.240000e-01  1.705939e+00  2.000509e+00  -2.945696e-01 
4.250000e-01  1.696926e+00  1.967432e+00  -2.705060e-01 
4.260000e-01  1.697177e+00  1.980270e+00  -2.830934e-01 
4.270000e-01  1.705108e+00  1.941520e+00  -2.364114e-01 
4.280000e-01  1.705590e+00  1.976122e+00  -2.705311e-01 
4.290000e-01  1.705908e+00  1.956831e+00  -2.509221e-01 
4.300000e-01  1.699621e+00  1.963622e+00  -2.640017e-01 
4.310000e-01  1.697578e+00  1.921302e+00  -2.237236e-01 
4.320000e-01  1.692833e+00  1.889194e+00  -1.963612e-01 
4.330000e-01  1.684569e+00  1.836285e+00  -1.517159e-01 
4.340000e-01  1.697198e+00  1.855286e+00  -1.580880e-01 
4.350000e-01  1.696129e+00  1.893820e+00  -1.976910e-01 
4.360000e-01  1.699102e+00  1.914903e+00  -2.158011e-01 
4.370000e-01  1.699708e+00  1.872363e+00  -1.726558e-01 
4.380000e-01  1.697383e+00  1.905236e+00  -2.078530e-01 
4.390000e-01  1.696444e+00  1.894337e+00  -1.978925e-01 
4.400000e-01  1.700189e+00  1.922036e+00  -2.218468e-01 
4.410000e-01  1.685774e+00  1.887269e+00  -2.014946e-01 
4.420000e-01  1.677486e+00  1.900949e+00  -2.234635e-01 
4.430000e-01  1.686531e+00  1.954896e+00  -2.683648e-01 
4.440000e-01  1.688105e+00  1.974547e+00  -2.864412e-01 
4.450000e-01  1.681982e+00  1.990862e+00  -3.088795e-01 
4.460000e-01  1.677022e+00  1.914618e+00  -2.375960e-01 
4.470000e-01  1.679213e+00  1.930608e+00  -2.513947e-01 
4.480000e-01  1.678536e+00  1.965985e+00  -2.874492e-01 
4.490000e-01  1.673248e+00  1.944591e+00  -2.713429e-01 
4.500000e-01  1.684051e+00  1.921931e+00  -2.378799e-01 
4.510000e-01  1.684229e+00  1.856260e+00  -1.720310e-01 
4.520000e-01  1.690892e+00  1.897957e+00  -2.070650e-01 
4.530000e-01  1.691575e+00  1.875974e+00  -1.843996e-01 
4.540000e-01  1.692170e+00  1.907283e+00  -2.151133e-01 
4.550000e-01  1.698043e+00  1.956057e+00  -2.580135e-01 
4.560000e-01  1.694241e+00  2.006853e+00  -3.126119e-01 
4.570000e-01  1.699771e+00  1.997176e+00  -2.974053e-01 
4.580000e-01  1.701054e+00  1.964888e+00  -2.638339e-01 
4.590000e-01  1.708807e+00  1.958982e+00  -2.501746e-01 
4.600000e-01  1.711697e+00  1.964999e+00  -2.533025e-01 
4.610000e-01  1.708481e+00  1.954403e+00  -2.459223e-01 
4.620000e-01  1.700819e+00  1.982071e+00  -2.812512e-01 
4.630000e-01  1.704625e+00  1.935080e+00  -2.304547e-01 
4.640000e-01  1.697595e+00  1.904763e+00  -2.071679e-01 
4.650000e-01  1.711720e+00  1.876795e+00  -1.650753e-01 
4.660000e-01  1.711648e+00  1.807847e+00  -9.619889e-02 
4.670000e-01  1.712718e+00  1.831325e+00  -1.186078e-01 
4.680000e-01  1.710878e+00  1.843085e+00  -1.322070e-01 
4.690000e-01  1.713582e+00  1.864350e+00  -1.507683e-01 
4.700000e-01  1.716796e+00  1.867536e+00  -1.507401e-01 
4.710000e-01  1.715190e+00  1.870596e+00  -1.554062e-01 
4.720000e-01  1.715739e+00  1.890588e+00  -1.748498e-01 
4.730000e-01  1.716845e+00  2.000961e+00  -2.841156e-01 
4.740000e-01  1.711518e+00  1.972627e+00  -2.611095e-01 
4.750000e-01  1.716538e+00  2.037568e+00  -3.210300e-01 
4.760000e-01  1.720996e+00  2.062308e+00  -3.413120e-01 
4.770000e-01  1.725829e+00  2.040590e+00  -3.147606e-01 
4.780000e-01  1.723578e+00  2.063448e+00  -3.398691e-01 
4.790000e-01  1.720569e+00  2.067444e+00  -3.468747e-01 
4.800000e-01  1.714101e+00  2.071742e+00  -3.576407e-01 
4.810000e-01  1.714410e+00  2.027554e+00  -3.131440e-01 
4.820000e-01  1.711398e+00  2.023303e+00  -3.119050e-01 
4.830000e-01  1.705766e+00  2.023005e+00  -3.172391e-01 
4.840000e-01  1.711039e+00  1.998708e+00  -2.876688e-01 
4.850000e-01  1.710568e+00  2.011557e+00  -3.009886e-01 
4.860000e-01  1.710580e+00  2.078060e+00  -3.674800e-01 
4.870000e-01  1.705936e+00  2.083611e+00  -3.776753e-01 
4.880000e-01  1.695763e+00  2.045041e+00  -3.492776e-01 
4.890000e-01  1.695558e+00  2.019273e+00  -3.237155e-01 
4.900000e-01  1.703679e+00  2.032012e+00  -3.283322e-01 
4.910000e-01  1.712963e+00  1.962744e+00  -2.497810e-01 
4.920000e-01  1.716661e+00  1.954363e+00  -2.377017e-01 
4.930000e-01  1.717511e+00  1.968101e+00  -2.505901e-01 
4.940000e-01  1.717972e+00  1.965602e+00  -2.476306e-01 
4.950000e-01  1.717317e+00  1.952806e+00  -2.354893e-01 
4.960000e-01  1.722029e+00  1.986065e+00  -2.640364e-01 
4.970000e-01  1.724393e+00  2.024571e+00  -3.001784e-01 
4.980000e-01  1.728228e+00  2.011894e+00  -2.836662e-01 
4.990000e-01  1.731644e+00  2.002674e+00  -2.710301e-01 
5.000000e-01  1.732078e+00  1.993828e+00  -2.617502e-01 
5.010000e-01  1.731466e+00  2.002019e+00  -2.705536e-01 
5.020000e-01  1.729823e+00  2.002080e+00  -2.722569e-01 
5.030000e-01  1.735773e+00  2.042435e+00  -3.066617e-01 
5.040000e-01  1.734642e+00  2.081453e+00  -3.468112e-01 
5.050000e-01  1.743730e+00  2.070563e+00  -3.268331e-01 
5.060000e-01  1.743450e+00  2.087176e+00  -3.437257e-01 
5.070000e-01  1.743237e+00  2.086339e+00  -3.431018e-01 
5.080000e-01  1.741198e+00  2.104032e+00  -3.628349e-01 
5.090000e-01  1.738699e+00  2.141285e+00  -4.025852e-01 
5.100000e-01  1.739791e+00  2.090292e+00  -3.505015e-01 
5.110000e-01  1.736356e+00  2.096527e+00  -3.601717e-01 
5.120000e-01  1.732978e+00  2.069884e+00  -3.369059e-01 
5.130000e-01  1.727749e+00  2.039552e+00  -3.118030e-01 
5.140000e-01  1.727764e+00  2.038521e+00  -3.107574e-01 
5.150000e-01  1.733821e+00  2.050076e+00  -3.162549e-01 
5.160000e-01  1.735369e+00  2.028456e+00  -2.930870e-01 
5.170000e-01  1.733591e+00  2.049436e+00  -3.158441e-01 
5.180000e-01  1.734037e+00  2.077143e+00  -3.431059e-01 
5.190000e-01  1.733589e+00  2.102937e+00  -3.693476e-01 
5.200000e-01  1.734867e+00  2.070338e+00  -3.354714e-01 
5.210000e-01  1.737451e+00  2.019781e+00  -2.823299e-01 
5.220000e-01  1.734229e+00  1.977398e+00  -2.431683e-01 
5.230000e-01  1.730098e+00  1.991258e+00  -2.611607e-01 
5.240000e-01  1.733168e+00  1.990977e+00  -2.578094e-01 
5.250000e-01  1.729650e+00  2.002926e+00  -2.732761e-01 
5.260000e-01  1.730195e+00  1.978931e+00  -2.487360e-01 
5.270000e-01  1.723712e+00  1.986260e+00  -2.625484e-01 
5.280000e-01  1.726947e+00  2.004090e+00  -2.771430e-01 
5.290000e-01  1.726964e+00  2.019528e+00  -2.925642e-01 
5.300000e-01  1.725353e+00  2.001888e+00  -2.765350e-01 
5.310000e-01  1.720474e+00  2.016278e+00  -2.958033e-01 
5.320000e-01  1.723284e+00  2.012340e+00  -2.890553e-01 
5.330000e-01  1.721198e+00  1.982019e+00  -2.608210e-01 
5.340000e-01  1.719998e+00  1.955902e+00  -2.359036e-01 
5.350000e-01  1.730887e+00  2.009799e+00  -2.789117e-01 
5.360000e-01  1.731723e+00  2.056555e+00  -3.248326e-01 
5.370000e-01  1.733159e+00  2.048378e+00  -3.152188e-01 
5.380000e-01  1.728545e+00  2.071807e+00  -3.432624e-01 
5.390000e-01  1.729476e+00  2.034693e+00  -3.052177e-01 
5.400000e-01  1.730681e+00  2.050834e+00  -3.201528e-01 
5.410000e-01  1.739423e+00  2.105395e+00  -3.659723e-01 
5.420000e-01  1.736864e+00  2.070021e+00  -3.331568e-01 
5.430000e-01  1.736675e+00  2.139336e+00  -4.026619e-01 
5.440000e-01  1.735403e+00  2.180067e+00  -4.446643e-01 
5.450000e-01  1.735233e+00  2.214577e+00  -4.793443e-01 
5.460000e-01  1.735524e+00  2.267364e+00  -5.318400e-01 
5.470000e-01  1.737958e+00  2.227945e+00  -4.899869e-01 
5.480000e-01  1.741397e+00  2.226897e+00  -4.855006e-01 
5.490000e-01  1.742651e+00  2.205011e+00  -4.623599e-01 
5.500000e-01  1.743601e+00  2.153637e+00  -4.100361e-01 
5.510000e-01  1.743290e+00  2.127085e+00  -3.837947e-01 
5.520000e-01  1.742242e+00  2.122028e+00  -3.797867e-01 
5.530000e-01  1.741294e+00  2.128106e+00  -3.868119e-01 
5.540000e-01  1.740732e+00  2.134435e+00  -3.937032e-01 
5.550000e-01  1.740416e+00  2.144651e+00  -4.042350e-01 
5.560000e-01  1.740413e+00  2.189600e+00  -4.491872e-01 
5.570000e-01  1.738813e+00  2.178462e+00  -4.396492e-01 
5.580000e-01  1.738748e+00  2.146313e+00  -4.075646e-01 
5.590000e-01  1.736959e+00  2.122503e+00  -3.855434e-01 
5.600000e-01  1.730005e+00  2.051037e+00  -3.210322e-01 
5.610000e-01  1.727905e+00  2.017951e+00  -2.900458e-01 
5.620000e-01  1.725207e+00  2.042169e+00  -3.169617e-01 
5.630000e-01  1.732602e+00  2.050763e+00  -3.181611e-01 
5.640000e-01  1.732137e+00  2.060482e+00  -3.283446e-01 
5.650000e-01  1.737374e+00  2.052610e+00  -3.152361e-01 
5.660000e-01  1.735597e+00  1.994905e+00  -2.593077e-01 
5.670000e-01  1.732929e+00  2.016331e+00  -2.834027e-01 
5.680000e-01  1.732117e+00  2.018261e+00  -2.861438e-01 
5.690000e-01  1.722046e+00  2.011602e+00  -2.895559e-01 
5.700000e-01  1.716879e+00  2.007388e+00  -2.905093e-01 
5.710000e-01  1.724280e+00  1.997265e+00  -2.729851e-01 
5.720000e-01  1.723582e+00  2.050688e+00  -3.271054e-01 
5.730000e-01  1.722811e+00  2.077505e+00  -3.546936e-01 
5.740000e-01  1.722905e+00  2.080537e+00  -3.576320e-01 
5.750000e-01  1.733572e+00  2.096119e+00  -3.625467e-01 
5.760000e-01  1.729390e+00  2.108224e+00  -3.788336e-01 
5.770000e-01  1.731781e+00  2.092056e+00  -3.602754e-01 
5.780000e-01  1.728629e+00  2.102299e+00  -3.736697e-01 
5.790000e-01  1.728818e+00  2.075394e+00  -3.465751e-01 
5.800000e-01  1.731827e+00  2.027296e+00  -2.954691e-01 
5.810000e-01  1.732683e+00  1.987651e+00  -2.549685e-01 
5.820000e-01  1.736537e+00  1.943963e+00  -2.074258e-01 
5.830000e-01  1.732207e+00  1.953811e+00  -2.216039e-01 
5.840000e-01  1.730578e+00  1.961669e+00  -2.310911e-01 
5.850000e-01  1.725129e+00  1.886669e+00  -1.615402e-01 
5.860000e-01  1.729709e+00  1.953148e+00  -2.234391e-01 
5.870000e-01  1.723204e+00  1.947199e+00  -2.239955e-01 
5.880000e-01  1.721217e+00  1.924444e+00  -2.032275e-01 
5.890000e-01  1.724678e+00  1.966980e+00  -2.423024e-01 
5.900000e-01  1.718397e+00  1.953910e+00  -2.355127e-01 
5.910000e-01  1.723075e+00  1.968570e+00  -2.454947e-01 
5.920000e-01  1.723099e+00  1.997142e+00  -2.740428e-01 
5.930000e-01  1.721431e+00  2.037085e+00  -3.156541e-01 
5.940000e-01  1.720188e+00  2.018915e+00  -2.987261e-01 
5.950000e-01  1.721702e+00  2.035210e+00  -3.135076e-01 
5.960000e-01  1.715095e+00  2.014575e+00  -2.994802e-01 
5.970000e-01  1.717181e+00  2.037542e+00  -3.203610e-01 
5.980000e-01  1.722642e+00  1.980723e+00  -2.580814e-01 
5.990000e-01  1.722331e+00  2.012309e+00  -2.899783e-01 
6.000000e-01  1.724643e+00  2.000817e+00  -2.761739e-01 
6.010000e-01  1.723854e+00  1.946982e+00  -2.231282e-01 
6.020000e-01  1.727445e+00  1.940740e+00  -2.132950e-01 
6.030000e-01  1.721906e+00  1.949600e+00  -2.276938e-01 
6.040000e-01  1.725070e+00  1.972120e+00  -2.470505e-01 
6.050000e-01  1.724799e+00  2.040517e+00  -3.157176e-01 
6.060000e-01  1.727341e+00  2.027721e+00  -3.003803e-01 
6.070000e-01  1.730263e+00  2.033379e+00  -3.031159e-01 
6.080000e-01  1.729945e+00  2.044526e+00  -3.145808e-01 
6.090000e-01  1.720458e+00  2.041530e+00  -3.210715e-01 
6.100000e-01  1.726679e+00  2.034233e+00  -3.075549e-01 
6.110000e-01  1.725476e+00  2.031855e+00  -3.063786e-01 
6.120000e-01  1.727783e+00  2.067397e+00  -3.396145e-01 
6.130000e-01  1.730793e+00  2.122037e+00  -3.912436e-01 
6.140000e-01  1.733060e+00  2.126384e+00  -3.933244e-01 
6.150000e-01  1.732487e+00  2.106112e+00  -3.736243e-01 
6.160000e-01  1.731576e+00  2.130210e+00  -3.986346e-01 
6.170000e-01  1.735771e+00  2.090216e+00  -3.544451e-01 
6.180000e-01  1.736688e+00  2.066438e+00  -3.297492e-01 
6.190000e-01  1.739552e+00  2.084030e+00  -3.444780e-01 
6.200000e-01  1.739423e+00  2.092005e+00  -3.525816e-01 
6.210000e-01  1.737580e+00  2.111006e+00  -3.734256e-01 
6.220000e-01  1.736968e+00  2.130232e+00  -3.932633e-01 
6.230000e-01  1.735026e+00  2.158067e+00  -4.230415e-01 
6.240000e-01  1.735691e+00  2.185801e+00  -4.501099e-01 
6.250000e-01  1.736653e+00  2.182890e+00  -4.462369e-01 
6.260000e-01  1.735674e+00  2.216408e+00  -4.807339e-01 
6.270000e-01  1.733681e+00  2.248347e+00  -5.146659e-01 
6.280000e-01  1.736880e+00  2.209858e+00  -4.729778e-01 
6.290000e-01  1.736714e+00  2.218052e+00  -4.813386e-01 
6.300000e-01  1.736727e+00  2.199269e+00  -4.625422e-01 
6.310000e-01  1.736706e+00  2.198560e+00  -4.618538e-01 
6.320000e-01  1.735903e+00  2.192940e+00  -4.570368e-01 
6.330000e-01  1.735116e+00  2.220693e+00  -4.855768e-01 
6.340000e-01  1.736808e+00  2.236005e+00  -4.991963e-01 
6.350000e-01  1.736226e+00  2.234827e+00  -4.986013e-01 
6.360000e-01  1.735478e+00  2.223992e+00  -4.885142e-01 
6.370000e-01  1.734152e+00  2.153785e+00  -4.196333e-01 
6.380000e-01  1.732220e+00  2.130711e+00  -3.984917e-01 
6.390000e-01  1.728041e+00  2.090000e+00  -3.619593e-01 
6.400000e-01  1.722790e+00  2.101035e+00  -3.782456e-01 
6.410000e-01  1.723407e+00  2.085257e+00  -3.618492e-01 
6.420000e-01  1.727223e+00  2.014078e+00  -2.868553e-01 
6.430000e-01  1.719893e+00  2.006270e+00  -2.863772e-01 
6.440000e-01  1.731884e+00  2.006360e+00  -2.744762e-01 
6.450000e-01  1.731370e+00  1.983355e+00  -2.519858e-01 
6.460000e-01  1.726962e+00  1.984074e+00  -2.571119e-01 
6.470000e-01  1.727507e+00  1.961059e+00  -2.335529e-01 
6.480000e-01  1.728828e+00  1.899481e+00  -1.706524e-01 
6.490000e-01  1.724449e+00  1.945509e+00  -2.210600e-01 
6.500000e-01  1.717131e+00  1.898155e+00  -1.810232e-01 
6.510000e-01  1.713727e+00  1.876104e+00  -1.623773e-01 
6.520000e-01  1.716424e+00  1.851293e+00  -1.348690e-01 
6.530000e-01  1.711729e+00  1.895805e+00  -1.840758e-01 
6.540000e-01  1.716885e+00  1.911497e+00  -1.946127e-01 
6.550000e-01  1.712645e+00  1.859246e+00  -1.466007e-01 
6.560000e-01  1.712954e+00  1.884990e+00  -1.720357e-01 
6.570000e-01  1.709807e+00  1.819651e+00  -1.098441e-01 
6.580000e-01  1.703171e+00  1.774736e+00  -7.156512e-02 
6.590000e-01  1.713911e+00  1.815872e+00  -1.019616e-01 
6.600000e-01  1.703697e+00  1.785599e+00  -8.190182e-02 
6.610000e-01  1.707779e+00  1.766001e+00  -5.822250e-02 
6.620000e-01  1.716940e+00  1.791911e+00  -7.497076e-02 
6.630000e-01  1.717979e+00  1.762094e+00  -4.411437e-02 
6.640000e-01  1.727075e+00  1.755432e+00  -2.835673e-02 
6.650000e-01  1.734114e+00  1.732151e+00  1.962577e-03 
6.660000e-01  1.734965e+00  1.694088e+00  4.087647e-02 
6.670000e-01  1.736418e+00  1.743294e+00  -6.876327e-03 
6.680000e-01  1.737990e+00  1.727838e+00  1.015196e-02 
6.690000e-01  1.737388e+00  1.709403e+00  2.798485e-02 
6.700000e-01  1.732178e+00  1.733457e+00  -1.279176e-03 
6.710000e-01  1.730274e+00  1.747554e+00  -1.728045e-02 
6.720000e-01  1.730468e+00  1.748315e+00  -1.784721e-02 
6.730000e-01  1.735392e+00  1.719055e+00  1.633722e-02 
6.740000e-01  1.732932e+00  1.726626e+00  6.306106e-03 
6.750000e-01  1.727520e+00  1.789999e+00  -6.247894e-02 
6.760000e-01  1.714892e+00  1.802335e+00  -8.744369e-02 
6.770000e-01  1.707727e+00  1.741833e+00  -3.410586e-02 
6.780000e-01  1.701520e+00  1.774578e+00  -7.305831e-02 
6.790000e-01  1.703872e+00  1.771643e+00  -6.777111e-02 
6.800000e-01  1.696008e+00  1.726273e+00  -3.026484e-02 
6.810000e-01  1.691884e+00  1.696918e+00  -5.034064e-03 
6.820000e-01  1.683560e+00  1.670486e+00  1.307423e-02 
6.830000e-01  1.675500e+00  1.708755e+00  -3.325576e-02 
6.840000e-01  1.664741e+00  1.693741e+00  -2.899943e-02 
6.850000e-01  1.660956e+00  1.654246e+00  6.709524e-03 
6.860000e-01  1.651019e+00  1.613173e+00  3.784568e-02 
6.870000e-01  1.649454e+00  1.636816e+00  1.263813e-02 
6.880000e-01  1.664528e+00  1.650208e+00  1.432056e-02 
6.890000e-01  1.676944e+00  1.603706e+00  7.323785e-02 
6.900000e-01  1.659115e+00  1.561396e+00  9.771957e-02 
6.910000e-01  1.640150e+00  1.511210e+00  1.289406e-01 
6.920000e-01  1.666819e+00  1.571682e+00  9.513640e-02 
6.930000e-01  1.679774e+00  1.579868e+00  9.990587e-02 
6.940000e-01  1.680166e+00  1.598568e+00  8.159843e-02 
6.950000e-01  1.683005e+00  1.615110e+00  6.789511e-02 
6.960000e-01  1.691614e+00  1.605619e+00  8.599462e-02 
6.970000e-01  1.700572e+00  1.634314e+00  6.625885e-02 
6.980000e-01  1.693435e+00  1.606501e+00  8.693349e-02 
6.990000e-01  1.703848e+00  1.638455e+00  6.539318e-02 
7.000000e-01  1.711571e+00  1.605463e+00  1.061086e-01 
7.010000e-01  1.708652e+00  1.664391e+00  4.426156e-02 
7.020000e-01  1.702847e+00  1.678534e+00  2.431283e-02 
7.030000e-01  1.708899e+00  1.702666e+00  6.232485e-03 
7.040000e-01  1.719328e+00  1.692590e+00  2.673815e-02 
7.050000e-01  1.715167e+00  1.618006e+00  9.716095e-02 
7.060000e-01  1.711964e+00  1.582945e+00  1.290195e-01 
7.070000e-01  1.717247e+00  1.595082e+00  1.221650e-01 
7.080000e-01  1.723341e+00  1.607409e+00  1.159319e-01 
7.090000e-01  1.723781e+00  1.572261e+00  1.515195e-01 
7.100000e-01  1.724793e+00  1.560892e+00  1.639017e-01 
7.110000e-01  1.723850e+00  1.588389e+00  1.354606e-01 
7.120000e-01  1.724530e+00  1.593700e+00  1.308298e-01 
7.130000e-01  1.727615e+00  1.591293e+00  1.363223e-01 
7.140000e-01  1.724256e+00  1.614040e+00  1.102163e-01 
7.150000e-01  1.734018e+00  1.574055e+00  1.599630e-01 
7.160000e-01  1.736538e+00  1.575456e+00  1.610819e-01 
7.170000e-01  1.726912e+00  1.519148e+00  2.077635e-01 
7.180000e-01  1.731211e+00  1.472163e+00  2.590485e-01 
7.190000e-01  1.740450e+00  1.433658e+00  3.067925e-01 
7.200000e-01  1.743707e+00  1.440646e+00  3.030611e-01 
7.210000e-01  1.748008e+00  1.428346e+00  3.196620e-01 
7.220000e-01  1.750306e+00  1.420532e+00  3.297738e-01 
7.230000e-01  1.751718e+00  1.458767e+00  2.929514e-01 
7.240000e-01  1.746045e+00  1.435182e+00  3.108630e-01 
7.250000e-01  1.745030e+00  1.452855e+00  2.921749e-01 
7.260000e-01  1.743632e+00  1.488284e+00  2.553476e-01 
7.270000e-01  1.741308e+00  1.579865e+00  1.614435e-01 
7.280000e-01  1.737590e+00  1.539161e+00  1.984296e-01 
7.290000e-01  1.742257e+00  1.493418e+00  2.488386e-01 
7.300000e-01  1.736359e+00  1.515808e+00  2.205513e-01 
7.310000e-01  1.732593e+00  1.511504e+00  2.210892e-01 
7.320000e-01  1.734636e+00  1.526391e+00  2.082444e-01 
7.330000e-01  1.737977e+00  1.534215e+00  2.037627e-01 
7.340000e-01  1.737640e+00  1.526536e+00  2.111033e-01 
7.350000e-01  1.740022e+00  1.525269e+00  2.147530e-01 
7.360000e-01  1.735499e+00  1.478721e+00  2.567785e-01 
7.370000e-01  1.731527e+00  1.473841e+00  2.576860e-01 
7.380000e-01  1.721972e+00  1.456706e+00  2.652652e-01 
7.390000e-01  1.728934e+00  1.461620e+00  2.673137e-01 
7.400000e-01  1.732008e+00  1.416677e+00  3.153306e-01 
7.410000e-01  1.732200e+00  1.413210e+00  3.189900e-01 
7.420000e-01  1.724725e+00  1.419888e+00  3.048365e-01 
7.430000e-01  1.728750e+00  1.374826e+00  3.539242e-01 
7.440000e-01  1.723392e+00  1.414459e+00  3.089330e-01 
7.450000e-01  1.715722e+00  1.408602e+00  3.071201e-01 
7.460000e-01  1.722041e+00  1.424313e+00  2.977277e-01 
7.470000e-01  1.721218e+00  1.409253e+00  3.119654e-01 
7.480000e-01  1.710497e+00  1.413496e+00  2.970013e-01 
7.490000e-01  1.707952e+00  1.435363e+00  2.725884e-01 
7.500000e-01  1.707592e+00  1.441005e+00  2.665869e-01 
7.510000e-01  1.717434e+00  1.419501e+00  2.979331e-01 
7.520000e-01  1.721183e+00  1.462257e+00  2.589264e-01 
7.530000e-01  1.721923e+00  1.431849e+00  2.900735e-01 
7.540000e-01  1.719040e+00  1.429927e+00  2.891128e-01 
7.550000e-01  1.721387e+00  1.472303e+00  2.490835e-01 
7.560000e-01  1.731395e+00  1.497736e+00  2.336588e-01 
7.570000e-01  1.735798e+00  1.491633e+00  2.441645e-01 
7.580000e-01  1.734936e+00  1.464146e+00  2.707893e-01 
7.590000e-01  1.731635e+00  1.419328e+00  3.123064e-01 
7.600000e-01  1.727275e+00  1.450232e+00  2.770432e-01 
7.610000e-01  1.718439e+00  1.479307e+00  2.391321e-01 
7.620000e-01  1.719334e+00  1.511201e+00  2.081334e-01 
7.630000e-01  1.723247e+00  1.500215e+00  2.230319e-01 
7.640000e-01  1.715978e+00  1.550040e+00  1.659371e-01 
7.650000e-01  1.708548e+00  1.541525e+00  1.670227e-01 
7.660000e-01  1.709704e+00  1.581426e+00  1.282777e-01 
7.670000e-01  1.702218e+00  1.587339e+00  1.148795e-01 
7.680000e-01  1.709682e+00  1.583980e+00  1.257027e-01 
7.690000e-01  1.714928e+00  1.592062e+00  1.228665e-01 
7.700000e-01  1.714917e+00  1.590279e+00  1.246382e-01 
7.710000e-01  1.711895e+00  1.599172e+00  1.127220e-01 
7.720000e-01  1.713973e+00  1.591406e+00  1.225667e-01 
7.730000e-01  1.701597e+00  1.595726e+00  1.058710e-01 
7.740000e-01  1.706682e+00  1.571270e+00  1.354119e-01 
7.750000e-01  1.703454e+00  1.580157e+00  1.232975e-01 
7.760000e-01  1.704235e+00  1.585298e+00  1.189364e-01 
7.770000e-01  1.699119e+00  1.550372e+00  1.487475e-01 
7.780000e-01  1.704421e+00  1.566464e+00  1.379576e-01 
7.790000e-01  1.697772e+00  1.567486e+00  1.302862e-01 
7.800000e-01  1.686020e+00  1.626223e+00  5.979671e-02 
7.810000e-01  1.680669e+00  1.596098e+00  8.457097e-02 
7.820000e-01  1.675042e+00  1.576183e+00  9.885930e-02 
7.830000e-01  1.675563e+00  1.596167e+00  7.939664e-02 
7.840000e-01  1.679164e+00  1.658688e+00  2.047694e-02 
7.850000e-01  1.683705e+00  1.613405e+00  7.029996e-02 
7.860000e-01  1.673361e+00  1.605544e+00  6.781706e-02 
7.870000e-01  1.684397e+00  1.601608e+00  8.278883e-02 
7.880000e-01  1.686797e+00  1.610183e+00  7.661315e-02 
7.890000e-01  1.693140e+00  1.534537e+00  1.586028e-01 
7.900000e-01  1.681102e+00  1.500223e+00  1.808787e-01 
7.910000e-01  1.682344e+00  1.464892e+00  2.174512e-01 
7.920000e-01  1.675405e+00  1.458632e+00  2.167727e-01 
7.930000e-01  1.675274e+00  1.461878e+00  2.133953e-01 
7.940000e-01  1.666165e+00  1.400155e+00  2.660108e-01 
7.950000e-01  1.685527e+00  1.395451e+00  2.900768e-01 
7.960000e-01  1.693800e+00  1.328369e+00  3.654307e-01 
7.970000e-01  1.693030e+00  1.327796e+00  3.652345e-01 
7.980000e-01  1.693584e+00  1.311593e+00  3.819905e-01 
7.990000e-01  1.697502e+00  1.363277e+00  3.342254e-01 
8.000000e-01  1.710627e+00  1.356224e+00  3.544033e-01 
8.010000e-01  1.711711e+00  1.375915e+00  3.357960e-01 
8.020000e-01  1.712208e+00  1.378752e+00  3.334560e-01 
8.030000e-01  1.702608e+00  1.379896e+00  3.227115e-01 
8.040000e-01  1.700882e+00  1.416869e+00  2.840136e-01 
8.050000e-01  1.701127e+00  1.438350e+00  2.627773e-01 
8.060000e-01  1.705549e+00  1.422304e+00  2.832458e-01 
8.070000e-01  1.698260e+00  1.370161e+00  3.280992e-01 
8.080000e-01  1.692376e+00  1.341038e+00  3.513389e-01 
8.090000e-01  1.689289e+00  1.374983e+00  3.143060e-01 
8.100000e-01  1.687968e+00  1.377043e+00  3.109252e-01 
8.110000e-01  1.692116e+00  1.354188e+00  3.379277e-01 
8.120000e-01  1.684100e+00  1.351686e+00  3.324137e-01 
8.130000e-01  1.683988e+00  1.373627e+00  3.103607e-01 
8.140000e-01  1.683654e+00  1.347977e+00  3.356767e-01 
8.150000e-01  1.693995e+00  1.389661e+00  3.043343e-01 
8.160000e-01  1.694516e+00  1.459019e+00  2.354967e-01 
8.170000e-01  1.683598e+00  1.412137e+00  2.714612e-01 
8.180000e-01  1.690285e+00  1.399754e+00  2.905311e-01 
8.190000e-01  1.704794e+00  1.381973e+00  3.228205e-01 
8.200000e-01  1.707294e+00  1.337510e+00  3.697837e-01 
8.210000e-01  1.706133e+00  1.410993e+00  2.951399e-01 
8.220000e-01  1.699475e+00  1.406886e+00  2.925894e-01 
8.230000e-01  1.695593e+00  1.437302e+00  2.582911e-01 
8.240000e-01  1.705399e+00  1.434857e+00  2.705418e-01 
8.250000e-01  1.703951e+00  1.408754e+00  2.951974e-01 
8.260000e-01  1.710740e+00  1.406717e+00  3.040236e-01 
8.270000e-01  1.704280e+00  1.443272e+00  2.610078e-01 
8.280000e-01  1.698670e+00  1.376698e+00  3.219722e-01 
8.290000e-01  1.692062e+00  1.338362e+00  3.537000e-01 
8.300000e-01  1.695577e+00  1.314865e+00  3.807121e-01 
8.310000e-01  1.698323e+00  1.272424e+00  4.258983e-01 
8.320000e-01  1.705710e+00  1.287642e+00  4.180677e-01 
8.330000e-01  1.713672e+00  1.253218e+00  4.604541e-01 
8.340000e-01  1.719977e+00  1.281284e+00  4.386932e-01 
8.350000e-01  1.721942e+00  1.243288e+00  4.786541e-01 
8.360000e-01  1.721308e+00  1.204360e+00  5.169485e-01 
8.370000e-01  1.727073e+00  1.233496e+00  4.935774e-01 
8.380000e-01  1.729194e+00  1.197156e+00  5.320379e-01 
8.390000e-01  1.729720e+00  1.200112e+00  5.296085e-01 
8.400000e-01  1.734439e+00  1.216205e+00  5.182343e-01 
8.410000e-01  1.728490e+00  1.192826e+00  5.356643e-01 
8.420000e-01  1.726187e+00  1.164879e+00  5.613077e-01 
8.430000e-01  1.725562e+00  1.210462e+00  5.151005e-01 
8.440000e-01  1.724485e+00  1.180638e+00  5.438465e-01 
8.450000e-01  1.717823e+00  1.180560e+00  5.372627e-01 
8.460000e-01  1.719040e+00  1.203378e+00  5.156621e-01 
8.470000e-01  1.716246e+00  1.225883e+00  4.903628e-01 
8.480000e-01  1.711188e+00  1.252516e+00  4.586717e-01 
8.490000e-01  1.702929e+00  1.192640e+00  5.102885e-01 
8.500000e-01  1.707823e+00  1.186835e+00  5.209882e-01 
8.510000e-01  1.698055e+00  1.177672e+00  5.203830e-01 
8.520000e-01  1.693608e+00  1.144962e+00  5.486456e-01 
8.530000e-01  1.701908e+00  1.133716e+00  5.681919e-01 
8.540000e-01  1.702452e+00  1.112353e+00  5.900989e-01 
8.550000e-01  1.698761e+00  1.120847e+00  5.779139e-01 
8.560000e-01  1.688331e+00  1.091290e+00  5.970402e-01 
8.570000e-01  1.704147e+00  1.083047e+00  6.211002e-01 
8.580000e-01  1.706354e+00  1.062305e+00  6.440487e-01 
8.590000e-01  1.715287e+00  1.071583e+00  6.437040e-01 
8.600000e-01  1.717227e+00  1.133883e+00  5.833442e-01 
8.610000e-01  1.712029e+00  1.143229e+00  5.687999e-01 
8.620000e-01  1.714280e+00  1.159094e+00  5.551858e-01 
8.630000e-01  1.710808e+00  1.163777e+00  5.470315e-01 
8.640000e-01  1.716599e+00  1.208131e+00  5.084679e-01 
8.650000e-01  1.724031e+00  1.202780e+00  5.212506e-01 
8.660000e-01  1.714844e+00  1.199454e+00  5.153899e-01 
8.670000e-01  1.714990e+00  1.192308e+00  5.226824e-01 
8.680000e-01  1.712137e+00  1.231272e+00  4.808654e-01 
8.690000e-01  1.714319e+00  1.262406e+00  4.519136e-01 
8.700000e-01  1.710707e+00  1.244523e+00  4.661834e-01 
8.710000e-01  1.713792e+00  1.252277e+00  4.615153e-01 
8.720000e-01  1.712026e+00  1.268899e+00  4.431275e-01 
8.730000e-01  1.718892e+00  1.293901e+00  4.249908e-01 
8.740000e-01  1.717999e+00  1.308005e+00  4.099939e-01 
8.750000e-01  1.715803e+00  1.296218e+00  4.195848e-01 
8.760000e-01  1.706607e+00  1.299173e+00  4.074339e-01 
8.770000e-01  1.695679e+00  1.288374e+00  4.073050e-01 
8.780000e-01  1.705931e+00  1.346598e+00  3.593325e-01 
8.790000e-01  1.702177e+00  1.312224e+00  3.899529e-01 
8.800000e-01  1.703161e+00  1.335098e+00  3.680627e-01 
8.810000e-01  1.707817e+00  1.375403e+00  3.324142e-01 
8.820000e-01  1.697335e+00  1.401254e+00  2.960810e-01 
8.830000e-01  1.705742e+00  1.410933e+00  2.948082e-01 
8.840000e-01  1.720631e+00  1.418134e+00  3.024970e-01 
8.850000e-01  1.719511e+00  1.412524e+00  3.069866e-01 
8.860000e-01  1.722755e+00  1.442916e+00  2.798394e-01 
8.870000e-01  1.726522e+00  1.430049e+00  2.964731e-01 
8.880000e-01  1.734336e+00  1.473632e+00  2.607043e-01 
8.890000e-01  1.732336e+00  1.476506e+00  2.558302e-01 
8.900000e-01  1.733946e+00  1.411002e+00  3.229441e-01 
8.910000e-01  1.732284e+00  1.384141e+00  3.481428e-01 
8.920000e-01  1.733625e+00  1.399706e+00  3.339193e-01 
8.930000e-01  1.738036e+00  1.411133e+00  3.269022e-01 
8.940000e-01  1.737603e+00  1.378103e+00  3.595000e-01 
8.950000e-01  1.742506e+00  1.391844e+00  3.506619e-01 
8.960000e-01  1.740305e+00  1.436826e+00  3.034793e-01 
8.970000e-01  1.742396e+00  1.521025e+00  2.213716e-01 
8.980000e-01  1.743904e+00  1.528965e+00  2.149389e-01 
8.990000e-01  1.744521e+00  1.501984e+00  2.425369e-01 
9.000000e-01  1.743990e+00  1.501470e+00  2.425204e-01 
9.010000e-01  1.744288e+00  1.476800e+00  2.674882e-01 
9.020000e-01  1.743604e+00  1.508730e+00  2.348735e-01 
9.030000e-01  1.742329e+00  1.428747e+00  3.135822e-01 
9.040000e-01  1.741048e+00  1.407350e+00  3.336979e-01 
9.050000e-01  1.741696e+00  1.404505e+00  3.371908e-01 
9.060000e-01  1.737462e+00  1.415408e+00  3.220538e-01 
9.070000e-01  1.738528e+00  1.492032e+00  2.464961e-01 
9.080000e-01  1.738547e+00  1.490171e+00  2.483760e-01 
9.090000e-01  1.738057e+00  1.436338e+00  3.017193e-01 
9.100000e-01  1.740024e+00  1.432823e+00  3.072012e-01 
9.110000e-01  1.737411e+00  1.416861e+00  3.205505e-01 
9.120000e-01  1.738834e+00  1.456423e+00  2.824109e-01 
9.130000e-01  1.741025e+00  1.436409e+00  3.046159e-01 
9.140000e-01  1.736781e+00  1.445450e+00  2.913316e-01 
9.150000e-01  1.742321e+00  1.391312e+00  3.510090e-01 
9.160000e-01  1.743755e+00  1.398969e+00  3.447860e-01 
9.170000e-01  1.743163e+00  1.423610e+00  3.195522e-01 
9.180000e-01  1.742270e+00  1.446950e+00  2.953202e-01 
9.190000e-01  1.743955e+00  1.439741e+00  3.042143e-01 
9.200000e-01  1.743005e+00  1.410305e+00  3.327002e-01 
9.210000e-01  1.743662e+00  1.388512e+00  3.551503e-01 
9.220000e-01  1.743991e+00  1.400317e+00  3.436744e-01 
9.230000e-01  1.743101e+00  1.414476e+00  3.286252e-01 
9.240000e-01  1.742148e+00  1.378311e+00  3.638365e-01 
9.250000e-01  1.742897e+00  1.332865e+00  4.100318e-01 
9.260000e-01  1.740769e+00  1.317702e+00  4.230676e-01 
9.270000e-01  1.740532e+00  1.295287e+00  4.452456e-01 
9.280000e-01  1.738046e+00  1.304687e+00  4.333591e-01 
9.290000e-01  1.735375e+00  1.329940e+00  4.054352e-01 
9.300000e-01  1.730849e+00  1.308941e+00  4.219081e-01 
9.310000e-01  1.729718e+00  1.329704e+00  4.000138e-01 
9.320000e-01  1.729523e+00  1.341181e+00  3.883417e-01 
9.330000e-01  1.726378e+00  1.319527e+00  4.068513e-01 
9.340000e-01  1.725311e+00  1.286525e+00  4.387864e-01 
9.350000e-01  1.723667e+00  1.251072e+00  4.725949e-01 
9.360000e-01  1.717864e+00  1.251778e+00  4.660856e-01 
9.370000e-01  1.713095e+00  1.280153e+00  4.329418e-01 
9.380000e-01  1.715222e+00  1.308790e+00  4.064324e-01 
9.390000e-01  1.711659e+00  1.287665e+00  4.239947e-01 
9.400000e-01  1.712263e+00  1.306816e+00  4.054472e-01 
9.410000e-01  1.713460e+00  1.310740e+00  4.027205e-01 
9.420000e-01  1.710558e+00  1.331843e+00  3.787151e-01 
9.430000e-01  1.706125e+00  1.383231e+00  3.228949e-01 
9.440000e-01  1.713700e+00  1.445278e+00  2.684219e-01 
9.450000e-01  1.713691e+00  1.433172e+00  2.805194e-01 
9.460000e-01  1.705059e+00  1.400659e+00  3.044002e-01 
9.470000e-01  1.697588e+00  1.417618e+00  2.799698e-01 
9.480000e-01  1.697520e+00  1.400469e+00  2.970509e-01 
9.490000e-01  1.693925e+00  1.404007e+00  2.899177e-01 
9.500000e-01  1.702844e+00  1.456297e+00  2.465474e-01 
9.510000e-01  1.700147e+00  1.460421e+00  2.397257e-01 
9.520000e-01  1.693311e+00  1.477775e+00  2.155361e-01 
9.530000e-01  1.676258e+00  1.433535e+00  2.427233e-01 
9.540000e-01  1.667411e+00  1.394405e+00  2.730065e-01 
9.550000e-01  1.675434e+00  1.401054e+00  2.743805e-01 
9.560000e-01  1.692815e+00  1.409946e+00  2.828693e-01 
9.570000e-01  1.690793e+00  1.349541e+00  3.412529e-01 
9.580000e-01  1.698439e+00  1.377573e+00  3.208661e-01 
9.590000e-01  1.700476e+00  1.365569e+00  3.349068e-01 
9.600000e-01  1.711353e+00  1.359127e+00  3.522266e-01 
9.610000e-01  1.712341e+00  1.317468e+00  3.948725e-01 
9.620000e-01  1.709094e+00  1.360028e+00  3.490655e-01 
9.630000e-01  1.703035e+00  1.426542e+00  2.764929e-01 
9.640000e-01  1.715220e+00  1.413973e+00  3.012466e-01 
9.650000e-01  1.708852e+00  1.408429e+00  3.004231e-01 
9.660000e-01  1.712639e+00  1.437437e+00  2.752023e-01 
9.670000e-01  1.710461e+00  1.367400e+00  3.430608e-01 
9.680000e-01  1.715201e+00  1.342951e+00  3.722503e-01 
9.690000e-01  1.716036e+00  1.308287e+00  4.077490e-01 
9.700000e-01  1.720304e+00  1.280027e+00  4.402766e-01 
9.710000e-01  1.724827e+00  1.317977e+00  4.068493e-01 
9.720000e-01  1.730804e+00  1.294533e+00  4.362711e-01 
9.730000e-01  1.736786e+00  1.368759e+00  3.680269e-01 
9.740000e-01  1.732228e+00  1.378610e+00  3.536178e-01 
9.750000e-01  1.733295e+00  1.378239e+00  3.550564e-01 
9.760000e-01  1.736895e+00  1.326994e+00  4.099013e-01 
9.770000e-01  1.730642e+00  1.329456e+00  4.011862e-01 
9.780000e-01  1.730896e+00  1.343314e+00  3.875821e-01 
9.790000e-01  1.726798e+00  1.380327e+00  3.464706e-01 
9.800000e-01  1.726852e+00  1.386606e+00  3.402467e-01 
9.810000e-01  1.725491e+00  1.374717e+00  3.507745e-01 
9.820000e-01  1.734092e+00  1.444093e+00  2.899987e-01 
9.830000e-01  1.735774e+00  1.422035e+00  3.137386e-01 
9.840000e-01  1.733967e+00  1.421662e+00  3.123051e-01 
9.850000e-01  1.735139e+00  1.460470e+00  2.746694e-01 
9.860000e-01  1.734629e+00  1.471662e+00  2.629673e-01 
9.870000e-01  1.733455e+00  1.432489e+00  3.009665e-01 
9.880000e-01  1.738130e+00  1.439851e+00  2.982792e-01 
9.890000e-01  1.737860e+00  1.484630e+00  2.532295e-01 
9.900000e-01  1.739383e+00  1.490402e+00  2.489815e-01 
9.910000e-01  1.736063e+00  1.435520e+00  3.005434e-01 
9.920000e-01  1.738631e+00  1.467607e+00  2.710241e-01 
9.930000e-01  1.736138e+00  1.511015e+00  2.251229e-01 
9.940000e-01  1.736845e+00  1.504799e+00  2.320456e-01 
9.950000e-01  1.736038e+00  1.492620e+00  2.434173e-01 
9.960000e-01  1.737799e+00  1.516927e+00  2.208719e-01 
9.970000e-01  1.737991e+00  1.469585e+00  2.684059e-01 
9.980000e-01  1.738497e+00  1.441427e+00  2.970703e-01 
9.990000e-01  1.738434e+00  1.421730e+00  3.167047e-01 
