0.000000e+00  1.000000e+00  1.000000e+00  0.000000e+00 
1.000000e-03  9.858818e-01  9.839160e-01  1.965799e-03 
2.000000e-03  9.823410e-01  9.829160e-01  -5.749604e-04 
3.000000e-03  9.314894e-01  9.306764e-01  8.130390e-04 
4.000000e-03  9.271752e-01  9.254202e-01  1.754976e-03 
5.000000e-03  9.247201e-01  9.252717e-01  -5.515643e-04 
6.000000e-03  9.448609e-01  9.512235e-01  -6.362603e-03 
7.000000e-03  9.651288e-01  9.734851e-01  -8.356296e-03 
8.000000e-03  9.676159e-01  9.756033e-01  -7.987340e-03 
9.000000e-03  9.692673e-01  9.768570e-01  -7.589745e-03 
1.000000e-02  9.582272e-01  9.674309e-01  -9.203672e-03 
1.100000e-02  9.406620e-01  9.490340e-01  -8.371943e-03 
1.200000e-02  9.243806e-01  9.314059e-01  -7.025257e-03 
1.300000e-02  9.870962e-01  9.924652e-01  -5.369021e-03 
1.400000e-02  9.772312e-01  9.855059e-01  -8.274668e-03 
1.500000e-02  1.047821e+00  1.056709e+00  -8.887618e-03 
1.600000e-02  1.036425e+00  1.044708e+00  -8.282119e-03 
1.700000e-02  1.043094e+00  1.052667e+00  -9.573038e-03 
1.800000e-02  1.044913e+00  1.058306e+00  -1.339244e-02 
1.900000e-02  1.099716e+00  1.111912e+00  -1.219641e-02 
2.000000e-02  1.143540e+00  1.154614e+00  -1.107361e-02 
2.100000e-02  1.171762e+00  1.180949e+00  -9.186290e-03 
2.200000e-02  1.197837e+00  1.208152e+00  -1.031518e-02 
2.300000e-02  1.151958e+00  1.165149e+00  -1.319058e-02 
2.400000e-02  1.164011e+00  1.174105e+00  -1.009414e-02 
2.500000e-02  1.154873e+00  1.164369e+00  -9.495929e-03 
2.600000e-02  1.201091e+00  1.210416e+00  -9.324146e-03 
2.700000e-02  1.166632e+00  1.174628e+00  -7.995751e-03 
2.800000e-02  1.137703e+00  1.147141e+00  -9.438063e-03 
2.900000e-02  1.118887e+00  1.128302e+00  -9.415035e-03 
3.000000e-02  1.132502e+00  1.139750e+00  -7.247270e-03 
3.100000e-02  1.133606e+00  1.143022e+00  -9.415678e-03 
3.200000e-02  1.131343e+00  1.143714e+00  -1.237169e-02 
3.300000e-02  1.130254e+00  1.141602e+00  -1.134847e-02 
3.400000e-02  1.133167e+00  1.143907e+00  -1.074064e-02 
3.500000e-02  1.131583e+00  1.144018e+00  -1.243505e-02 
3.600000e-02  1.142579e+00  1.153066e+00  -1.048707e-02 
3.700000e-02  1.163807e+00  1.176437e+00  -1.263054e-02 
3.800000e-02  1.156476e+00  1.167343e+00  -1.086681e-02 
3.900000e-02  1.158534e+00  1.168477e+00  -9.943377e-03 
4.000000e-02  1.221697e+00  1.231434e+00  -9.737304e-03 
4.100000e-02  1.271023e+00  1.280463e+00  -9.440777e-03 
4.200000e-02  1.301076e+00  1.314740e+00  -1.366339e-02 
4.300000e-02  1.319373e+00  1.332165e+00  -1.279261e-02 
4.400000e-02  1.326355e+00  1.343332e+00  -1.697712e-02 
4.500000e-02  1.283275e+00  1.301732e+00  -1.845688e-02 
4.600000e-02  1.235648e+00  1.252954e+00  -1.730592e-02 
4.700000e-02  1.185087e+00  1.201570e+00  -1.648301e-02 
4.800000e-02  1.178550e+00  1.195063e+00  -1.651347e-02 
4.900000e-02  1.182478e+00  1.199016e+00  -1.653816e-02 
5.000000e-02  1.131652e+00  1.147974e+00  -1.632270e-02 
5.100000e-02  1.120359e+00  1.140100e+00  -1.974123e-02 
5.200000e-02  1.101028e+00  1.122934e+00  -2.190565e-02 
5.300000e-02  1.145985e+00  1.164350e+00  -1.836494e-02 
5.400000e-02  1.182301e+00  1.201155e+00  -1.885451e-02 
5.500000e-02  1.144605e+00  1.168316e+00  -2.371070e-02 
5.600000e-02  1.143221e+00  1.169523e+00  -2.630144e-02 
5.700000e-02  1.171313e+00  1.200677e+00  -2.936446e-02 
5.800000e-02  1.177141e+00  1.208763e+00  -3.162238e-02 
5.900000e-02  1.283527e+00  1.317072e+00  -3.354513e-02 
6.000000e-02  1.270232e+00  1.300775e+00  -3.054289e-02 
6.100000e-02  1.288136e+00  1.324676e+00  -3.653954e-02 
6.200000e-02  1.268124e+00  1.304232e+00  -3.610752e-02 
6.300000e-02  1.233846e+00  1.268019e+00  -3.417283e-02 
6.400000e-02  1.248876e+00  1.285457e+00  -3.658041e-02 
6.500000e-02  1.270090e+00  1.305107e+00  -3.501712e-02 
6.600000e-02  1.220460e+00  1.255718e+00  -3.525775e-02 
6.700000e-02  1.258327e+00  1.293296e+00  -3.496846e-02 
6.800000e-02  1.257197e+00  1.288370e+00  -3.117360e-02 
6.900000e-02  1.310575e+00  1.338324e+00  -2.774875e-02 
7.000000e-02  1.386152e+00  1.415237e+00  -2.908544e-02 
7.100000e-02  1.390503e+00  1.421334e+00  -3.083185e-02 
7.200000e-02  1.420175e+00  1.450189e+00  -3.001385e-02 
7.300000e-02  1.423082e+00  1.454445e+00  -3.136262e-02 
7.400000e-02  1.422066e+00  1.454534e+00  -3.246826e-02 
7.500000e-02  1.411306e+00  1.446334e+00  -3.502754e-02 
7.600000e-02  1.361012e+00  1.395604e+00  -3.459242e-02 
7.700000e-02  1.393454e+00  1.429573e+00  -3.611941e-02 
7.800000e-02  1.387667e+00  1.426549e+00  -3.888200e-02 
7.900000e-02  1.424941e+00  1.462146e+00  -3.720500e-02 
8.000000e-02  1.464760e+00  1.499486e+00  -3.472621e-02 
8.100000e-02  1.396174e+00  1.432609e+00  -3.643469e-02 
8.200000e-02  1.409064e+00  1.443647e+00  -3.458334e-02 
8.300000e-02  1.365657e+00  1.396788e+00  -3.113107e-02 
8.400000e-02  1.348007e+00  1.381835e+00  -3.382787e-02 
8.500000e-02  1.353259e+00  1.390006e+00  -3.674610e-02 
8.600000e-02  1.356261e+00  1.392297e+00  -3.603505e-02 
8.700000e-02  1.333096e+00  1.371054e+00  -3.795773e-02 
8.800000e-02  1.336764e+00  1.368585e+00  -3.182089e-02 
8.900000e-02  1.343711e+00  1.375558e+00  -3.184738e-02 
9.000000e-02  1.332285e+00  1.364679e+00  -3.239338e-02 
9.100000e-02  1.344278e+00  1.375337e+00  -3.105937e-02 
9.200000e-02  1.331987e+00  1.363026e+00  -3.103932e-02 
9.300000e-02  1.349062e+00  1.382456e+00  -3.339368e-02 
9.400000e-02  1.329074e+00  1.361613e+00  -3.253867e-02 
9.500000e-02  1.316461e+00  1.347578e+00  -3.111673e-02 
9.600000e-02  1.330418e+00  1.362859e+00  -3.244088e-02 
9.700000e-02  1.312185e+00  1.341914e+00  -2.972870e-02 
9.800000e-02  1.343795e+00  1.370259e+00  -2.646443e-02 
9.900000e-02  1.350895e+00  1.377333e+00  -2.643870e-02 
1.000000e-01  1.347763e+00  1.376086e+00  -2.832218e-02 
1.010000e-01  1.330218e+00  1.358723e+00  -2.850491e-02 
1.020000e-01  1.332346e+00  1.357347e+00  -2.500095e-02 
1.030000e-01  1.300388e+00  1.326282e+00  -2.589429e-02 
1.040000e-01  1.288711e+00  1.313295e+00  -2.458398e-02 
1.050000e-01  1.314715e+00  1.341141e+00  -2.642655e-02 
1.060000e-01  1.313995e+00  1.345685e+00  -3.168986e-02 
1.070000e-01  1.366750e+00  1.397734e+00  -3.098437e-02 
1.080000e-01  1.376181e+00  1.408793e+00  -3.261123e-02 
1.090000e-01  1.378151e+00  1.409669e+00  -3.151766e-02 
1.100000e-01  1.398660e+00  1.431058e+00  -3.239856e-02 
1.110000e-01  1.411105e+00  1.446645e+00  -3.554001e-02 
1.120000e-01  1.433120e+00  1.467239e+00  -3.411894e-02 
1.130000e-01  1.385044e+00  1.418166e+00  -3.312246e-02 
1.140000e-01  1.368113e+00  1.400135e+00  -3.202258e-02 
1.150000e-01  1.404982e+00  1.431322e+00  -2.634015e-02 
1.160000e-01  1.384001e+00  1.412376e+00  -2.837454e-02 
1.170000e-01  1.400092e+00  1.429120e+00  -2.902777e-02 
1.180000e-01  1.399330e+00  1.430737e+00  -3.140631e-02 
1.190000e-01  1.338601e+00  1.367391e+00  -2.878986e-02 
1.200000e-01  1.438666e+00  1.463071e+00  -2.440487e-02 
1.210000e-01  1.434257e+00  1.456249e+00  -2.199214e-02 
1.220000e-01  1.372345e+00  1.395693e+00  -2.334786e-02 
1.230000e-01  1.371361e+00  1.392065e+00  -2.070375e-02 
1.240000e-01  1.358375e+00  1.381789e+00  -2.341434e-02 
1.250000e-01  1.341356e+00  1.363644e+00  -2.228843e-02 
1.260000e-01  1.303264e+00  1.325789e+00  -2.252569e-02 
1.270000e-01  1.304723e+00  1.322961e+00  -1.823777e-02 
1.280000e-01  1.327861e+00  1.343429e+00  -1.556866e-02 
1.290000e-01  1.324503e+00  1.343001e+00  -1.849799e-02 
1.300000e-01  1.359631e+00  1.381517e+00  -2.188599e-02 
1.310000e-01  1.342596e+00  1.365423e+00  -2.282653e-02 
1.320000e-01  1.319006e+00  1.341268e+00  -2.226161e-02 
1.330000e-01  1.355288e+00  1.375495e+00  -2.020740e-02 
1.340000e-01  1.415012e+00  1.433031e+00  -1.801942e-02 
1.350000e-01  1.450814e+00  1.471647e+00  -2.083298e-02 
1.360000e-01  1.394260e+00  1.421659e+00  -2.739827e-02 
1.370000e-01  1.345467e+00  1.377397e+00  -3.192983e-02 
1.380000e-01  1.377231e+00  1.410871e+00  -3.364021e-02 
1.390000e-01  1.406561e+00  1.438355e+00  -3.179345e-02 
1.400000e-01  1.392273e+00  1.420532e+00  -2.825924e-02 
1.410000e-01  1.416582e+00  1.441950e+00  -2.536728e-02 
1.420000e-01  1.413307e+00  1.439427e+00  -2.612074e-02 
1.430000e-01  1.423895e+00  1.446652e+00  -2.275717e-02 
1.440000e-01  1.384251e+00  1.405606e+00  -2.135436e-02 
1.450000e-01  1.413583e+00  1.433393e+00  -1.980987e-02 
1.460000e-01  1.456351e+00  1.475326e+00  -1.897490e-02 
1.470000e-01  1.485567e+00  1.504295e+00  -1.872728e-02 
1.480000e-01  1.531654e+00  1.551643e+00  -1.998853e-02 
1.490000e-01  1.582014e+00  1.598531e+00  -1.651698e-02 
1.500000e-01  1.608165e+00  1.622726e+00  -1.456059e-02 
1.510000e-01  1.646285e+00  1.662290e+00  -1.600512e-02 
1.520000e-01  1.689080e+00  1.707137e+00  -1.805700e-02 
1.530000e-01  1.613189e+00  1.631673e+00  -1.848436e-02 
1.540000e-01  1.555186e+00  1.571854e+00  -1.666772e-02 
1.550000e-01  1.547852e+00  1.563320e+00  -1.546772e-02 
1.560000e-01  1.508663e+00  1.526259e+00  -1.759634e-02 
1.570000e-01  1.489820e+00  1.507285e+00  -1.746424e-02 
1.580000e-01  1.510569e+00  1.532253e+00  -2.168410e-02 
1.590000e-01  1.490370e+00  1.508278e+00  -1.790797e-02 
1.600000e-01  1.554890e+00  1.570551e+00  -1.566116e-02 
1.610000e-01  1.604283e+00  1.614214e+00  -9.930526e-03 
1.620000e-01  1.586812e+00  1.599638e+00  -1.282629e-02 
1.630000e-01  1.562893e+00  1.575325e+00  -1.243221e-02 
1.640000e-01  1.616834e+00  1.626123e+00  -9.289396e-03 
1.650000e-01  1.612544e+00  1.622149e+00  -9.605304e-03 
1.660000e-01  1.601137e+00  1.608046e+00  -6.908900e-03 
1.670000e-01  1.653325e+00  1.660898e+00  -7.572675e-03 
1.680000e-01  1.629724e+00  1.637131e+00  -7.407815e-03 
1.690000e-01  1.603061e+00  1.614826e+00  -1.176525e-02 
1.700000e-01  1.601622e+00  1.613359e+00  -1.173690e-02 
1.710000e-01  1.567090e+00  1.576443e+00  -9.353144e-03 
1.720000e-01  1.528860e+00  1.540924e+00  -1.206348e-02 
1.730000e-01  1.510270e+00  1.520075e+00  -9.805211e-03 
1.740000e-01  1.484069e+00  1.492710e+00  -8.641382e-03 
1.750000e-01  1.462207e+00  1.475324e+00  -1.311721e-02 
1.760000e-01  1.447280e+00  1.464959e+00  -1.767899e-02 
1.770000e-01  1.455343e+00  1.472613e+00  -1.727001e-02 
1.780000e-01  1.492358e+00  1.513367e+00  -2.100816e-02 
1.790000e-01  1.469383e+00  1.493073e+00  -2.368951e-02 
1.800000e-01  1.459773e+00  1.479293e+00  -1.952049e-02 
1.810000e-01  1.458141e+00  1.477653e+00  -1.951208e-02 
1.820000e-01  1.424510e+00  1.447229e+00  -2.271912e-02 
1.830000e-01  1.430454e+00  1.453058e+00  -2.260413e-02 
1.840000e-01  1.455751e+00  1.476812e+00  -2.106048e-02 
1.850000e-01  1.436305e+00  1.456133e+00  -1.982867e-02 
1.860000e-01  1.455619e+00  1.477381e+00  -2.176178e-02 
1.870000e-01  1.441775e+00  1.466534e+00  -2.475885e-02 
1.880000e-01  1.472403e+00  1.497441e+00  -2.503809e-02 
1.890000e-01  1.436862e+00  1.462761e+00  -2.589883e-02 
1.900000e-01  1.418157e+00  1.443068e+00  -2.491092e-02 
1.910000e-01  1.465661e+00  1.492962e+00  -2.730027e-02 
1.920000e-01  1.415013e+00  1.441895e+00  -2.688230e-02 
1.930000e-01  1.406939e+00  1.432294e+00  -2.535491e-02 
1.940000e-01  1.335596e+00  1.362170e+00  -2.657338e-02 
1.950000e-01  1.275196e+00  1.300733e+00  -2.553733e-02 
1.960000e-01  1.269143e+00  1.298354e+00  -2.921098e-02 
1.970000e-01  1.239761e+00  1.268455e+00  -2.869413e-02 
1.980000e-01  1.239284e+00  1.267676e+00  -2.839191e-02 
1.990000e-01  1.196282e+00  1.223518e+00  -2.723602e-02 
2.000000e-01  1.252266e+00  1.280867e+00  -2.860169e-02 
2.010000e-01  1.243324e+00  1.268873e+00  -2.554913e-02 
2.020000e-01  1.300798e+00  1.325950e+00  -2.515262e-02 
2.030000e-01  1.335221e+00  1.359525e+00  -2.430351e-02 
2.040000e-01  1.301547e+00  1.329034e+00  -2.748647e-02 
2.050000e-01  1.290992e+00  1.315735e+00  -2.474222e-02 
2.060000e-01  1.210663e+00  1.233010e+00  -2.234618e-02 
2.070000e-01  1.220280e+00  1.237758e+00  -1.747769e-02 
2.080000e-01  1.269410e+00  1.288301e+00  -1.889162e-02 
2.090000e-01  1.198159e+00  1.218936e+00  -2.077719e-02 
2.100000e-01  1.261704e+00  1.283601e+00  -2.189731e-02 
2.110000e-01  1.255975e+00  1.274949e+00  -1.897420e-02 
2.120000e-01  1.225035e+00  1.241596e+00  -1.656128e-02 
2.130000e-01  1.197925e+00  1.213603e+00  -1.567812e-02 
2.140000e-01  1.224839e+00  1.242446e+00  -1.760690e-02 
2.150000e-01  1.220588e+00  1.237234e+00  -1.664618e-02 
2.160000e-01  1.227348e+00  1.245488e+00  -1.813988e-02 
2.170000e-01  1.285197e+00  1.302264e+00  -1.706689e-02 
2.180000e-01  1.260185e+00  1.275175e+00  -1.498981e-02 
2.190000e-01  1.309235e+00  1.322889e+00  -1.365418e-02 
2.200000e-01  1.358690e+00  1.370782e+00  -1.209174e-02 
2.210000e-01  1.334805e+00  1.344448e+00  -9.643505e-03 
2.220000e-01  1.373591e+00  1.384432e+00  -1.084094e-02 
2.230000e-01  1.416127e+00  1.428772e+00  -1.264535e-02 
2.240000e-01  1.416481e+00  1.427544e+00  -1.106289e-02 
2.250000e-01  1.404632e+00  1.418555e+00  -1.392213e-02 
2.260000e-01  1.384829e+00  1.397619e+00  -1.278999e-02 
2.270000e-01  1.387548e+00  1.402669e+00  -1.512178e-02 
2.280000e-01  1.392430e+00  1.407598e+00  -1.516817e-02 
2.290000e-01  1.386564e+00  1.402726e+00  -1.616220e-02 
2.300000e-01  1.379058e+00  1.395264e+00  -1.620588e-02 
2.310000e-01  1.445100e+00  1.467028e+00  -2.192788e-02 
2.320000e-01  1.446414e+00  1.471018e+00  -2.460402e-02 
2.330000e-01  1.464511e+00  1.489045e+00  -2.453314e-02 
2.340000e-01  1.457947e+00  1.477938e+00  -1.999037e-02 
2.350000e-01  1.453205e+00  1.476199e+00  -2.299350e-02 
2.360000e-01  1.445000e+00  1.470104e+00  -2.510464e-02 
2.370000e-01  1.434659e+00  1.458830e+00  -2.417082e-02 
2.380000e-01  1.459034e+00  1.481980e+00  -2.294597e-02 
2.390000e-01  1.513979e+00  1.530197e+00  -1.621776e-02 
2.400000e-01  1.477719e+00  1.489339e+00  -1.162053e-02 
2.410000e-01  1.502759e+00  1.514299e+00  -1.153994e-02 
2.420000e-01  1.500763e+00  1.516064e+00  -1.530092e-02 
2.430000e-01  1.496996e+00  1.512996e+00  -1.599943e-02 
2.440000e-01  1.509804e+00  1.527761e+00  -1.795656e-02 
2.450000e-01  1.512919e+00  1.528811e+00  -1.589251e-02 
2.460000e-01  1.538271e+00  1.551921e+00  -1.365064e-02 
2.470000e-01  1.562238e+00  1.580729e+00  -1.849018e-02 
2.480000e-01  1.582117e+00  1.597616e+00  -1.549916e-02 
2.490000e-01  1.609563e+00  1.625612e+00  -1.604927e-02 
2.500000e-01  1.586774e+00  1.600966e+00  -1.419152e-02 
2.510000e-01  1.569188e+00  1.582928e+00  -1.374037e-02 
2.520000e-01  1.529996e+00  1.546600e+00  -1.660446e-02 
2.530000e-01  1.532402e+00  1.550851e+00  -1.844943e-02 
2.540000e-01  1.537730e+00  1.558823e+00  -2.109324e-02 
2.550000e-01  1.549084e+00  1.574761e+00  -2.567688e-02 
2.560000e-01  1.523871e+00  1.551600e+00  -2.772946e-02 
2.570000e-01  1.491206e+00  1.518186e+00  -2.698027e-02 
2.580000e-01  1.493547e+00  1.517248e+00  -2.370080e-02 
2.590000e-01  1.504174e+00  1.532621e+00  -2.844641e-02 
2.600000e-01  1.488295e+00  1.522388e+00  -3.409296e-02 
2.610000e-01  1.492542e+00  1.525858e+00  -3.331594e-02 
2.620000e-01  1.452729e+00  1.487812e+00  -3.508275e-02 
2.630000e-01  1.412216e+00  1.447349e+00  -3.513276e-02 
2.640000e-01  1.432574e+00  1.467034e+00  -3.445955e-02 
2.650000e-01  1.435085e+00  1.473198e+00  -3.811294e-02 
2.660000e-01  1.351558e+00  1.389378e+00  -3.781975e-02 
2.670000e-01  1.327448e+00  1.365003e+00  -3.755578e-02 
2.680000e-01  1.369621e+00  1.409726e+00  -4.010506e-02 
2.690000e-01  1.358892e+00  1.396432e+00  -3.754040e-02 
2.700000e-01  1.369001e+00  1.405629e+00  -3.662809e-02 
2.710000e-01  1.327248e+00  1.363436e+00  -3.618811e-02 
2.720000e-01  1.329282e+00  1.368892e+00  -3.961010e-02 
2.730000e-01  1.308565e+00  1.347268e+00  -3.870235e-02 
2.740000e-01  1.310572e+00  1.350712e+00  -4.013944e-02 
2.750000e-01  1.392945e+00  1.430779e+00  -3.783453e-02 
2.760000e-01  1.384016e+00  1.422314e+00  -3.829826e-02 
2.770000e-01  1.412371e+00  1.452107e+00  -3.973617e-02 
2.780000e-01  1.397724e+00  1.439194e+00  -4.147051e-02 
2.790000e-01  1.392439e+00  1.438053e+00  -4.561330e-02 
2.800000e-01  1.320819e+00  1.368131e+00  -4.731173e-02 
2.810000e-01  1.311868e+00  1.354818e+00  -4.294986e-02 
2.820000e-01  1.287825e+00  1.328737e+00  -4.091190e-02 
2.830000e-01  1.304502e+00  1.343540e+00  -3.903748e-02 
2.840000e-01  1.333515e+00  1.369078e+00  -3.556306e-02 
2.850000e-01  1.328644e+00  1.362369e+00  -3.372524e-02 
2.860000e-01  1.370356e+00  1.403087e+00  -3.273113e-02 
2.870000e-01  1.356397e+00  1.388799e+00  -3.240113e-02 
2.880000e-01  1.354403e+00  1.390317e+00  -3.591467e-02 
2.890000e-01  1.397444e+00  1.431963e+00  -3.451896e-02 
2.900000e-01  1.385886e+00  1.420044e+00  -3.415825e-02 
2.910000e-01  1.336460e+00  1.371782e+00  -3.532173e-02 
2.920000e-01  1.337700e+00  1.373574e+00  -3.587454e-02 
2.930000e-01  1.386295e+00  1.422356e+00  -3.606149e-02 
2.940000e-01  1.365283e+00  1.399520e+00  -3.423790e-02 
2.950000e-01  1.351484e+00  1.385132e+00  -3.364757e-02 
2.960000e-01  1.361023e+00  1.397761e+00  -3.673812e-02 
2.970000e-01  1.348514e+00  1.383119e+00  -3.460528e-02 
2.980000e-01  1.378640e+00  1.410258e+00  -3.161794e-02 
2.990000e-01  1.432964e+00  1.463044e+00  -3.007923e-02 
3.000000e-01  1.401432e+00  1.428115e+00  -2.668283e-02 
3.010000e-01  1.409550e+00  1.438839e+00  -2.928909e-02 
3.020000e-01  1.420697e+00  1.448097e+00  -2.740035e-02 
3.030000e-01  1.447073e+00  1.472079e+00  -2.500625e-02 
3.040000e-01  1.499590e+00  1.522635e+00  -2.304515e-02 
3.050000e-01  1.524088e+00  1.547107e+00  -2.301904e-02 
3.060000e-01  1.544042e+00  1.567461e+00  -2.341836e-02 
3.070000e-01  1.586992e+00  1.610664e+00  -2.367233e-02 
3.080000e-01  1.548428e+00  1.571354e+00  -2.292602e-02 
3.090000e-01  1.558416e+00  1.578913e+00  -2.049724e-02 
3.100000e-01  1.512118e+00  1.532836e+00  -2.071860e-02 
3.110000e-01  1.558794e+00  1.580780e+00  -2.198547e-02 
3.120000e-01  1.621148e+00  1.644037e+00  -2.288883e-02 
3.130000e-01  1.642279e+00  1.666461e+00  -2.418228e-02 
3.140000e-01  1.623649e+00  1.644951e+00  -2.130192e-02 
3.150000e-01  1.625597e+00  1.647681e+00  -2.208418e-02 
3.160000e-01  1.617050e+00  1.640156e+00  -2.310540e-02 
3.170000e-01  1.618204e+00  1.641063e+00  -2.285852e-02 
3.180000e-01  1.637402e+00  1.661076e+00  -2.367374e-02 
3.190000e-01  1.631198e+00  1.654269e+00  -2.307086e-02 
3.200000e-01  1.668847e+00  1.690273e+00  -2.142658e-02 
3.210000e-01  1.679231e+00  1.705619e+00  -2.638761e-02 
3.220000e-01  1.683524e+00  1.706496e+00  -2.297221e-02 
3.230000e-01  1.653957e+00  1.680443e+00  -2.648538e-02 
3.240000e-01  1.635658e+00  1.657002e+00  -2.134352e-02 
3.250000e-01  1.612640e+00  1.636752e+00  -2.411127e-02 
3.260000e-01  1.609575e+00  1.635427e+00  -2.585252e-02 
3.270000e-01  1.635503e+00  1.661985e+00  -2.648206e-02 
3.280000e-01  1.625018e+00  1.647584e+00  -2.256594e-02 
3.290000e-01  1.598093e+00  1.618955e+00  -2.086146e-02 
3.300000e-01  1.598047e+00  1.614235e+00  -1.618846e-02 
3.310000e-01  1.534138e+00  1.548322e+00  -1.418335e-02 
3.320000e-01  1.567638e+00  1.586376e+00  -1.873780e-02 
3.330000e-01  1.619640e+00  1.637513e+00  -1.787349e-02 
3.340000e-01  1.625799e+00  1.642323e+00  -1.652410e-02 
3.350000e-01  1.631260e+00  1.642540e+00  -1.127978e-02 
3.360000e-01  1.645849e+00  1.658743e+00  -1.289391e-02 
3.370000e-01  1.662060e+00  1.677097e+00  -1.503713e-02 
3.380000e-01  1.674458e+00  1.684984e+00  -1.052638e-02 
3.390000e-01  1.702298e+00  1.717340e+00  -1.504154e-02 
3.400000e-01  1.684519e+00  1.692621e+00  -8.102553e-03 
3.410000e-01  1.716264e+00  1.723619e+00  -7.354671e-03 
3.420000e-01  1.691352e+00  1.699015e+00  -7.662972e-03 
3.430000e-01  1.709398e+00  1.715760e+00  -6.361925e-03 
3.440000e-01  1.705590e+00  1.712358e+00  -6.767946e-03 
3.450000e-01  1.664512e+00  1.666952e+00  -2.440417e-03 
3.460000e-01  1.690875e+00  1.696866e+00  -5.990359e-03 
3.470000e-01  1.704955e+00  1.709780e+00  -4.825344e-03 
3.480000e-01  1.703753e+00  1.704866e+00  -1.113103e-03 
3.490000e-01  1.727159e+00  1.728486e+00  -1.327649e-03 
3.500000e-01  1.723261e+00  1.723132e+00  1.283796e-04 
3.510000e-01  1.716594e+00  1.716992e+00  -3.982397e-04 
3.520000e-01  1.700269e+00  1.704735e+00  -4.466242e-03 
3.530000e-01  1.682745e+00  1.689989e+00  -7.243858e-03 
3.540000e-01  1.752041e+00  1.761023e+00  -8.981639e-03 
3.550000e-01  1.737426e+00  1.742598e+00  -5.171947e-03 
3.560000e-01  1.700998e+00  1.705499e+00  -4.501235e-03 
3.570000e-01  1.697802e+00  1.701570e+00  -3.768153e-03 
3.580000e-01  1.691503e+00  1.695454e+00  -3.951475e-03 
3.590000e-01  1.750471e+00  1.753708e+00  -3.237171e-03 
3.600000e-01  1.795312e+00  1.800279e+00  -4.966961e-03 
3.610000e-01  1.836552e+00  1.835171e+00  1.381754e-03 
3.620000e-01  1.814728e+00  1.812687e+00  2.041535e-03 
3.630000e-01  1.799194e+00  1.798220e+00  9.737735e-04 
3.640000e-01  1.762990e+00  1.764390e+00  -1.399892e-03 
3.650000e-01  1.813938e+00  1.814283e+00  -3.454280e-04 
3.660000e-01  1.745020e+00  1.748196e+00  -3.175826e-03 
3.670000e-01  1.766910e+00  1.767403e+00  -4.927113e-04 
3.680000e-01  1.838906e+00  1.840609e+00  -1.703658e-03 
3.690000e-01  1.819961e+00  1.822334e+00  -2.372336e-03 
3.700000e-01  1.889465e+00  1.895454e+00  -5.988644e-03 
3.710000e-01  1.851664e+00  1.853819e+00  -2.155090e-03 
3.720000e-01  1.830477e+00  1.832247e+00  -1.769684e-03 
3.730000e-01  1.764561e+00  1.762139e+00  2.421712e-03 
3.740000e-01  1.740600e+00  1.740771e+00  -1.711109e-04 
3.750000e-01  1.704552e+00  1.699412e+00  5.140710e-03 
3.760000e-01  1.740436e+00  1.737547e+00  2.889125e-03 
3.770000e-01  1.762961e+00  1.762296e+00  6.647507e-04 
3.780000e-01  1.761884e+00  1.761908e+00  -2.405251e-05 
3.790000e-01  1.796912e+00  1.798522e+00  -1.610431e-03 
3.800000e-01  1.855829e+00  1.853014e+00  2.815829e-03 
3.810000e-01  1.906194e+00  1.900835e+00  5.359360e-03 
3.820000e-01  1.969648e+00  1.967604e+00  2.043525e-03 
3.830000e-01  1.967264e+00  1.964175e+00  3.089023e-03 
3.840000e-01  1.944126e+00  1.944966e+00  -8.398260e-04 
3.850000e-01  1.963256e+00  1.967030e+00  -3.773982e-03 
3.860000e-01  1.968829e+00  1.976609e+00  -7.780138e-03 
3.870000e-01  2.013509e+00  2.018847e+00  -5.337726e-03 
3.880000e-01  1.990233e+00  2.000006e+00  -9.773572e-03 
3.890000e-01  1.955390e+00  1.967836e+00  -1.244583e-02 
3.900000e-01  1.940223e+00  1.946966e+00  -6.743893e-03 
3.910000e-01  1.944178e+00  1.949638e+00  -5.460350e-03 
3.920000e-01  1.922515e+00  1.923669e+00  -1.154284e-03 
3.930000e-01  1.927197e+00  1.923684e+00  3.513241e-03 
3.940000e-01  1.917350e+00  1.913069e+00  4.280587e-03 
3.950000e-01  1.933701e+00  1.927624e+00  6.077157e-03 
3.960000e-01  1.943416e+00  1.932840e+00  1.057586e-02 
3.970000e-01  1.961712e+00  1.945654e+00  1.605772e-02 
3.980000e-01  1.968215e+00  1.952557e+00  1.565804e-02 
3.990000e-01  1.927588e+00  1.914239e+00  1.334921e-02 
4.000000e-01  1.930116e+00  1.915145e+00  1.497088e-02 
4.010000e-01  1.923975e+00  1.908453e+00  1.552163e-02 
4.020000e-01  1.913688e+00  1.894931e+00  1.875717e-02 
4.030000e-01  1.934033e+00  1.920661e+00  1.337187e-02 
4.040000e-01  1.927982e+00  1.913820e+00  1.416178e-02 
4.050000e-01  1.899227e+00  1.882195e+00  1.703190e-02 
4.060000e-01  1.923525e+00  1.909734e+00  1.379117e-02 
4.070000e-01  1.904290e+00  1.890308e+00  1.398189e-02 
4.080000e-01  1.881139e+00  1.866012e+00  1.512640e-02 
4.090000e-01  1.915864e+00  1.907688e+00  8.175549e-03 
4.100000e-01  1.909068e+00  1.901886e+00  7.181418e-03 
4.110000e-01  1.981094e+00  1.972897e+00  8.196427e-03 
4.120000e-01  1.996790e+00  1.981356e+00  1.543443e-02 
4.130000e-01  1.998043e+00  1.987554e+00  1.048942e-02 
4.140000e-01  2.029696e+00  2.021294e+00  8.402372e-03 
4.150000e-01  2.017335e+00  2.010675e+00  6.660626e-03 
4.160000e-01  1.933509e+00  1.930312e+00  3.196373e-03 
4.170000e-01  1.969274e+00  1.967259e+00  2.014876e-03 
4.180000e-01  1.980340e+00  1.978675e+00  1.665185e-03 
4.190000e-01  1.957273e+00  1.955925e+00  1.347691e-03 
4.200000e-01  1.962149e+00  1.961182e+00  9.671500e-04 
4.210000e-01  1.989588e+00  1.988824e+00  7.639675e-04 
4.220000e-01  1.976963e+00  1.976701e+00  2.610939e-04 
4.230000e-01  1.975721e+00  1.974271e+00  1.450439e-03 
4.240000e-01  2.000996e+00  2.000509e+00  4.873561e-04 
4.250000e-01  1.967904e+00  1.967432e+00  4.720509e-04 
4.260000e-01  1.980453e+00  1.980270e+00  1.826538e-04 
4.270000e-01  1.940640e+00  1.941520e+00  -8.793631e-04 
4.280000e-01  1.976562e+00  1.976122e+00  4.407886e-04 
4.290000e-01  1.955774e+00  1.956831e+00  -1.056755e-03 
4.300000e-01  1.962741e+00  1.963622e+00  -8.815930e-04 
4.310000e-01  1.925958e+00  1.921302e+00  4.656296e-03 
4.320000e-01  1.897558e+00  1.889194e+00  8.364325e-03 
4.330000e-01  1.841912e+00  1.836285e+00  5.627237e-03 
4.340000e-01  1.864221e+00  1.855286e+00  8.935603e-03 
4.350000e-01  1.902137e+00  1.893820e+00  8.316259e-03 
4.360000e-01  1.928521e+00  1.914903e+00  1.361770e-02 
4.370000e-01  1.886545e+00  1.872363e+00  1.418148e-02 
4.380000e-01  1.911961e+00  1.905236e+00  6.725101e-03 
4.390000e-01  1.906151e+00  1.894337e+00  1.181462e-02 
4.400000e-01  1.931590e+00  1.922036e+00  9.553916e-03 
4.410000e-01  1.898415e+00  1.887269e+00  1.114620e-02 
4.420000e-01  1.916465e+00  1.900949e+00  1.551560e-02 
4.430000e-01  1.967644e+00  1.954896e+00  1.274733e-02 
4.440000e-01  1.989513e+00  1.974547e+00  1.496639e-02 
4.450000e-01  2.005739e+00  1.990862e+00  1.487675e-02 
4.460000e-01  1.930976e+00  1.914618e+00  1.635799e-02 
4.470000e-01  1.948876e+00  1.930608e+00  1.826791e-02 
4.480000e-01  1.984684e+00  1.965985e+00  1.869845e-02 
4.490000e-01  1.970973e+00  1.944591e+00  2.638218e-02 
4.500000e-01  1.946665e+00  1.921931e+00  2.473387e-02 
4.510000e-01  1.881594e+00  1.856260e+00  2.533427e-02 
4.520000e-01  1.920231e+00  1.897957e+00  2.227482e-02 
4.530000e-01  1.889717e+00  1.875974e+00  1.374307e-02 
4.540000e-01  1.922710e+00  1.907283e+00  1.542725e-02 
4.550000e-01  1.973574e+00  1.956057e+00  1.751725e-02 
4.560000e-01  2.025535e+00  2.006853e+00  1.868231e-02 
4.570000e-01  2.012034e+00  1.997176e+00  1.485727e-02 
4.580000e-01  1.984169e+00  1.964888e+00  1.928139e-02 
4.590000e-01  1.981326e+00  1.958982e+00  2.234384e-02 
4.600000e-01  1.984545e+00  1.964999e+00  1.954608e-02 
4.610000e-01  1.975655e+00  1.954403e+00  2.125155e-02 
4.620000e-01  2.003765e+00  1.982071e+00  2.169434e-02 
4.630000e-01  1.951941e+00  1.935080e+00  1.686109e-02 
4.640000e-01  1.922430e+00  1.904763e+00  1.766672e-02 
4.650000e-01  1.896880e+00  1.876795e+00  2.008446e-02 
4.660000e-01  1.828001e+00  1.807847e+00  2.015453e-02 
4.670000e-01  1.860667e+00  1.831325e+00  2.934171e-02 
4.680000e-01  1.878159e+00  1.843085e+00  3.507398e-02 
4.690000e-01  1.899807e+00  1.864350e+00  3.545647e-02 
4.700000e-01  1.901824e+00  1.867536e+00  3.428726e-02 
4.710000e-01  1.896378e+00  1.870596e+00  2.578217e-02 
4.720000e-01  1.915838e+00  1.890588e+00  2.524970e-02 
4.730000e-01  2.027075e+00  2.000961e+00  2.611432e-02 
4.740000e-01  2.001558e+00  1.972627e+00  2.893085e-02 
4.750000e-01  2.065440e+00  2.037568e+00  2.787262e-02 
4.760000e-01  2.086939e+00  2.062308e+00  2.463158e-02 
4.770000e-01  2.064823e+00  2.040590e+00  2.423302e-02 
4.780000e-01  2.081326e+00  2.063448e+00  1.787886e-02 
4.790000e-01  2.089779e+00  2.067444e+00  2.233469e-02 
4.800000e-01  2.099018e+00  2.071742e+00  2.727600e-02 
4.810000e-01  2.062709e+00  2.027554e+00  3.515542e-02 
4.820000e-01  2.058831e+00  2.023303e+00  3.552846e-02 
4.830000e-01  2.054377e+00  2.023005e+00  3.137190e-02 
4.840000e-01  2.029844e+00  1.998708e+00  3.113614e-02 
4.850000e-01  2.044660e+00  2.011557e+00  3.310297e-02 
4.860000e-01  2.111059e+00  2.078060e+00  3.299934e-02 
4.870000e-01  2.113887e+00  2.083611e+00  3.027582e-02 
4.880000e-01  2.078213e+00  2.045041e+00  3.317241e-02 
4.890000e-01  2.050424e+00  2.019273e+00  3.115042e-02 
4.900000e-01  2.062670e+00  2.032012e+00  3.065843e-02 
4.910000e-01  2.000472e+00  1.962744e+00  3.772722e-02 
4.920000e-01  1.991051e+00  1.954363e+00  3.668796e-02 
4.930000e-01  2.002593e+00  1.968101e+00  3.449147e-02 
4.940000e-01  1.998193e+00  1.965602e+00  3.259076e-02 
4.950000e-01  1.981375e+00  1.952806e+00  2.856850e-02 
4.960000e-01  2.013436e+00  1.986065e+00  2.737046e-02 
4.970000e-01  2.058803e+00  2.024571e+00  3.423225e-02 
4.980000e-01  2.044283e+00  2.011894e+00  3.238948e-02 
4.990000e-01  2.029248e+00  2.002674e+00  2.657415e-02 
5.000000e-01  2.017246e+00  1.993828e+00  2.341774e-02 
5.010000e-01  2.024464e+00  2.002019e+00  2.244408e-02 
5.020000e-01  2.032031e+00  2.002080e+00  2.995091e-02 
5.030000e-01  2.072398e+00  2.042435e+00  2.996299e-02 
5.040000e-01  2.109047e+00  2.081453e+00  2.759373e-02 
5.050000e-01  2.089353e+00  2.070563e+00  1.878964e-02 
5.060000e-01  2.095510e+00  2.087176e+00  8.334383e-03 
5.070000e-01  2.090958e+00  2.086339e+00  4.618783e-03 
5.080000e-01  2.113008e+00  2.104032e+00  8.975542e-03 
5.090000e-01  2.146388e+00  2.141285e+00  5.103673e-03 
5.100000e-01  2.098944e+00  2.090292e+00  8.652012e-03 
5.110000e-01  2.106949e+00  2.096527e+00  1.042216e-02 
5.120000e-01  2.083646e+00  2.069884e+00  1.376142e-02 
5.130000e-01  2.053734e+00  2.039552e+00  1.418207e-02 
5.140000e-01  2.049818e+00  2.038521e+00  1.129677e-02 
5.150000e-01  2.058018e+00  2.050076e+00  7.941676e-03 
5.160000e-01  2.038449e+00  2.028456e+00  9.992717e-03 
5.170000e-01  2.063162e+00  2.049436e+00  1.372682e-02 
5.180000e-01  2.085822e+00  2.077143e+00  8.679696e-03 
5.190000e-01  2.110729e+00  2.102937e+00  7.791517e-03 
5.200000e-01  2.077097e+00  2.070338e+00  6.759200e-03 
5.210000e-01  2.025783e+00  2.019781e+00  6.001600e-03 
5.220000e-01  1.982791e+00  1.977398e+00  5.393167e-03 
5.230000e-01  1.994490e+00  1.991258e+00  3.231909e-03 
5.240000e-01  1.994812e+00  1.990977e+00  3.835145e-03 
5.250000e-01  2.007322e+00  2.002926e+00  4.396130e-03 
5.260000e-01  1.981662e+00  1.978931e+00  2.731169e-03 
5.270000e-01  1.994002e+00  1.986260e+00  7.741767e-03 
5.280000e-01  2.015419e+00  2.004090e+00  1.132967e-02 
5.290000e-01  2.028207e+00  2.019528e+00  8.679399e-03 
5.300000e-01  2.007097e+00  2.001888e+00  5.209281e-03 
5.310000e-01  2.024632e+00  2.016278e+00  8.354201e-03 
5.320000e-01  2.021038e+00  2.012340e+00  8.698671e-03 
5.330000e-01  1.993319e+00  1.982019e+00  1.129989e-02 
5.340000e-01  1.969580e+00  1.955902e+00  1.367812e-02 
5.350000e-01  2.022540e+00  2.009799e+00  1.274057e-02 
5.360000e-01  2.072171e+00  2.056555e+00  1.561573e-02 
5.370000e-01  2.068938e+00  2.048378e+00  2.056021e-02 
5.380000e-01  2.094419e+00  2.071807e+00  2.261173e-02 
5.390000e-01  2.045182e+00  2.034693e+00  1.048845e-02 
5.400000e-01  2.059473e+00  2.050834e+00  8.639567e-03 
5.410000e-01  2.114101e+00  2.105395e+00  8.706087e-03 
5.420000e-01  2.074007e+00  2.070021e+00  3.986427e-03 
5.430000e-01  2.142429e+00  2.139336e+00  3.092746e-03 
5.440000e-01  2.181022e+00  2.180067e+00  9.555316e-04 
5.450000e-01  2.212193e+00  2.214577e+00  -2.383771e-03 
5.460000e-01  2.265308e+00  2.267364e+00  -2.056695e-03 
5.470000e-01  2.230867e+00  2.227945e+00  2.922162e-03 
5.480000e-01  2.226106e+00  2.226897e+00  -7.908079e-04 
5.490000e-01  2.207018e+00  2.205011e+00  2.007555e-03 
5.500000e-01  2.157526e+00  2.153637e+00  3.889278e-03 
5.510000e-01  2.130988e+00  2.127085e+00  3.902820e-03 
5.520000e-01  2.121691e+00  2.122028e+00  -3.375752e-04 
5.530000e-01  2.126742e+00  2.128106e+00  -1.363949e-03 
5.540000e-01  2.134481e+00  2.134435e+00  4.652924e-05 
5.550000e-01  2.143069e+00  2.144651e+00  -1.582578e-03 
5.560000e-01  2.185463e+00  2.189600e+00  -4.137121e-03 
5.570000e-01  2.177430e+00  2.178462e+00  -1.032081e-03 
5.580000e-01  2.148493e+00  2.146313e+00  2.180932e-03 
5.590000e-01  2.121936e+00  2.122503e+00  -5.668319e-04 
5.600000e-01  2.054999e+00  2.051037e+00  3.961783e-03 
5.610000e-01  2.017604e+00  2.017951e+00  -3.466158e-04 
5.620000e-01  2.038923e+00  2.042169e+00  -3.245610e-03 
5.630000e-01  2.045389e+00  2.050763e+00  -5.374639e-03 
5.640000e-01  2.052236e+00  2.060482e+00  -8.245634e-03 
5.650000e-01  2.043849e+00  2.052610e+00  -8.761181e-03 
5.660000e-01  1.986379e+00  1.994905e+00  -8.526071e-03 
5.670000e-01  2.008650e+00  2.016331e+00  -7.680846e-03 
5.680000e-01  2.010182e+00  2.018261e+00  -8.078980e-03 
5.690000e-01  2.006648e+00  2.011602e+00  -4.954498e-03 
5.700000e-01  2.002333e+00  2.007388e+00  -5.055360e-03 
5.710000e-01  1.988434e+00  1.997265e+00  -8.831136e-03 
5.720000e-01  2.042363e+00  2.050688e+00  -8.324533e-03 
5.730000e-01  2.073811e+00  2.077505e+00  -3.693576e-03 
5.740000e-01  2.076679e+00  2.080537e+00  -3.858572e-03 
5.750000e-01  2.089204e+00  2.096119e+00  -6.915027e-03 
5.760000e-01  2.100257e+00  2.108224e+00  -7.967062e-03 
5.770000e-01  2.080562e+00  2.092056e+00  -1.149399e-02 
5.780000e-01  2.099405e+00  2.102299e+00  -2.893910e-03 
5.790000e-01  2.068223e+00  2.075394e+00  -7.170962e-03 
5.800000e-01  2.025242e+00  2.027296e+00  -2.053658e-03 
5.810000e-01  1.983360e+00  1.987651e+00  -4.291560e-03 
5.820000e-01  1.937294e+00  1.943963e+00  -6.669073e-03 
5.830000e-01  1.943246e+00  1.953811e+00  -1.056488e-02 
5.840000e-01  1.950172e+00  1.961669e+00  -1.149659e-02 
5.850000e-01  1.881676e+00  1.886669e+00  -4.993123e-03 
5.860000e-01  1.949385e+00  1.953148e+00  -3.763471e-03 
5.870000e-01  1.945469e+00  1.947199e+00  -1.730325e-03 
5.880000e-01  1.923131e+00  1.924444e+00  -1.313408e-03 
5.890000e-01  1.964887e+00  1.966980e+00  -2.092841e-03 
5.900000e-01  1.947210e+00  1.953910e+00  -6.699662e-03 
5.910000e-01  1.956816e+00  1.968570e+00  -1.175371e-02 
5.920000e-01  1.978398e+00  1.997142e+00  -1.874354e-02 
5.930000e-01  2.020363e+00  2.037085e+00  -1.672192e-02 
5.940000e-01  2.003169e+00  2.018915e+00  -1.574537e-02 
5.950000e-01  2.018292e+00  2.035210e+00  -1.691842e-02 
5.960000e-01  1.993714e+00  2.014575e+00  -2.086074e-02 
5.970000e-01  2.011421e+00  2.037542e+00  -2.612087e-02 
5.980000e-01  1.960793e+00  1.980723e+00  -1.993023e-02 
5.990000e-01  1.995575e+00  2.012309e+00  -1.673382e-02 
6.000000e-01  1.985652e+00  2.000817e+00  -1.516466e-02 
6.010000e-01  1.931028e+00  1.946982e+00  -1.595367e-02 
6.020000e-01  1.931231e+00  1.940740e+00  -9.509208e-03 
6.030000e-01  1.937927e+00  1.949600e+00  -1.167356e-02 
6.040000e-01  1.959019e+00  1.972120e+00  -1.310061e-02 
6.050000e-01  2.023714e+00  2.040517e+00  -1.680219e-02 
6.060000e-01  2.006763e+00  2.027721e+00  -2.095818e-02 
6.070000e-01  2.008260e+00  2.033379e+00  -2.511913e-02 
6.080000e-01  2.025365e+00  2.044526e+00  -1.916055e-02 
6.090000e-01  2.025882e+00  2.041530e+00  -1.564834e-02 
6.100000e-01  2.022410e+00  2.034233e+00  -1.182388e-02 
6.110000e-01  2.019134e+00  2.031855e+00  -1.272133e-02 
6.120000e-01  2.054679e+00  2.067397e+00  -1.271838e-02 
6.130000e-01  2.112487e+00  2.122037e+00  -9.549842e-03 
6.140000e-01  2.110895e+00  2.126384e+00  -1.548920e-02 
6.150000e-01  2.086791e+00  2.106112e+00  -1.932071e-02 
6.160000e-01  2.101358e+00  2.130210e+00  -2.885209e-02 
6.170000e-01  2.062902e+00  2.090216e+00  -2.731460e-02 
6.180000e-01  2.039479e+00  2.066438e+00  -2.695900e-02 
6.190000e-01  2.058583e+00  2.084030e+00  -2.544788e-02 
6.200000e-01  2.062854e+00  2.092005e+00  -2.915056e-02 
6.210000e-01  2.079965e+00  2.111006e+00  -3.104051e-02 
6.220000e-01  2.104239e+00  2.130232e+00  -2.599277e-02 
6.230000e-01  2.128360e+00  2.158067e+00  -2.970769e-02 
6.240000e-01  2.153639e+00  2.185801e+00  -3.216251e-02 
6.250000e-01  2.150462e+00  2.182890e+00  -3.242783e-02 
6.260000e-01  2.180001e+00  2.216408e+00  -3.640680e-02 
6.270000e-01  2.210077e+00  2.248347e+00  -3.827007e-02 
6.280000e-01  2.167823e+00  2.209858e+00  -4.203481e-02 
6.290000e-01  2.186579e+00  2.218052e+00  -3.147315e-02 
6.300000e-01  2.170154e+00  2.199269e+00  -2.911515e-02 
6.310000e-01  2.164328e+00  2.198560e+00  -3.423193e-02 
6.320000e-01  2.153375e+00  2.192940e+00  -3.956543e-02 
6.330000e-01  2.177364e+00  2.220693e+00  -4.332957e-02 
6.340000e-01  2.189812e+00  2.236005e+00  -4.619240e-02 
6.350000e-01  2.185530e+00  2.234827e+00  -4.929696e-02 
6.360000e-01  2.181719e+00  2.223992e+00  -4.227330e-02 
6.370000e-01  2.108677e+00  2.153785e+00  -4.510793e-02 
6.380000e-01  2.076703e+00  2.130711e+00  -5.400813e-02 
6.390000e-01  2.034603e+00  2.090000e+00  -5.539737e-02 
6.400000e-01  2.039590e+00  2.101035e+00  -6.144571e-02 
6.410000e-01  2.019991e+00  2.085257e+00  -6.526599e-02 
6.420000e-01  1.944971e+00  2.014078e+00  -6.910742e-02 
6.430000e-01  1.936298e+00  2.006270e+00  -6.997127e-02 
6.440000e-01  1.934885e+00  2.006360e+00  -7.147474e-02 
6.450000e-01  1.911013e+00  1.983355e+00  -7.234286e-02 
6.460000e-01  1.905492e+00  1.984074e+00  -7.858151e-02 
6.470000e-01  1.884870e+00  1.961059e+00  -7.618984e-02 
6.480000e-01  1.820711e+00  1.899481e+00  -7.877022e-02 
6.490000e-01  1.868818e+00  1.945509e+00  -7.669093e-02 
6.500000e-01  1.818054e+00  1.898155e+00  -8.010097e-02 
6.510000e-01  1.789708e+00  1.876104e+00  -8.639639e-02 
6.520000e-01  1.767442e+00  1.851293e+00  -8.385106e-02 
6.530000e-01  1.810581e+00  1.895805e+00  -8.522465e-02 
6.540000e-01  1.823008e+00  1.911497e+00  -8.848946e-02 
6.550000e-01  1.772863e+00  1.859246e+00  -8.638309e-02 
6.560000e-01  1.801607e+00  1.884990e+00  -8.338326e-02 
6.570000e-01  1.737845e+00  1.819651e+00  -8.180533e-02 
6.580000e-01  1.696518e+00  1.774736e+00  -7.821761e-02 
6.590000e-01  1.733219e+00  1.815872e+00  -8.265303e-02 
6.600000e-01  1.704879e+00  1.785599e+00  -8.071916e-02 
6.610000e-01  1.682026e+00  1.766001e+00  -8.397505e-02 
6.620000e-01  1.707995e+00  1.791911e+00  -8.391587e-02 
6.630000e-01  1.677374e+00  1.762094e+00  -8.471971e-02 
6.640000e-01  1.678866e+00  1.755432e+00  -7.656606e-02 
6.650000e-01  1.654680e+00  1.732151e+00  -7.747090e-02 
6.660000e-01  1.613749e+00  1.694088e+00  -8.033937e-02 
6.670000e-01  1.664813e+00  1.743294e+00  -7.848146e-02 
6.680000e-01  1.655664e+00  1.727838e+00  -7.217398e-02 
6.690000e-01  1.639685e+00  1.709403e+00  -6.971799e-02 
6.700000e-01  1.661138e+00  1.733457e+00  -7.231908e-02 
6.710000e-01  1.673320e+00  1.747554e+00  -7.423430e-02 
6.720000e-01  1.674479e+00  1.748315e+00  -7.383557e-02 
6.730000e-01  1.648649e+00  1.719055e+00  -7.040580e-02 
6.740000e-01  1.654757e+00  1.726626e+00  -7.186931e-02 
6.750000e-01  1.718737e+00  1.789999e+00  -7.126164e-02 
6.760000e-01  1.738977e+00  1.802335e+00  -6.335836e-02 
6.770000e-01  1.683619e+00  1.741833e+00  -5.821413e-02 
6.780000e-01  1.719229e+00  1.774578e+00  -5.534928e-02 
6.790000e-01  1.716228e+00  1.771643e+00  -5.541488e-02 
6.800000e-01  1.671046e+00  1.726273e+00  -5.522610e-02 
6.810000e-01  1.639867e+00  1.696918e+00  -5.705074e-02 
6.820000e-01  1.614798e+00  1.670486e+00  -5.568741e-02 
6.830000e-01  1.650679e+00  1.708755e+00  -5.807623e-02 
6.840000e-01  1.635517e+00  1.693741e+00  -5.822347e-02 
6.850000e-01  1.600833e+00  1.654246e+00  -5.341297e-02 
6.860000e-01  1.560067e+00  1.613173e+00  -5.310646e-02 
6.870000e-01  1.585923e+00  1.636816e+00  -5.089259e-02 
6.880000e-01  1.598399e+00  1.650208e+00  -5.180887e-02 
6.890000e-01  1.554762e+00  1.603706e+00  -4.894335e-02 
6.900000e-01  1.514853e+00  1.561396e+00  -4.654247e-02 
6.910000e-01  1.466149e+00  1.511210e+00  -4.506038e-02 
6.920000e-01  1.527289e+00  1.571682e+00  -4.439353e-02 
6.930000e-01  1.529681e+00  1.579868e+00  -5.018645e-02 
6.940000e-01  1.543069e+00  1.598568e+00  -5.549874e-02 
6.950000e-01  1.559214e+00  1.615110e+00  -5.589634e-02 
6.960000e-01  1.553588e+00  1.605619e+00  -5.203099e-02 
6.970000e-01  1.583456e+00  1.634314e+00  -5.085735e-02 
6.980000e-01  1.552316e+00  1.606501e+00  -5.418556e-02 
6.990000e-01  1.584842e+00  1.638455e+00  -5.361235e-02 
7.000000e-01  1.551183e+00  1.605463e+00  -5.427965e-02 
7.010000e-01  1.609947e+00  1.664391e+00  -5.444389e-02 
7.020000e-01  1.622988e+00  1.678534e+00  -5.554587e-02 
7.030000e-01  1.649834e+00  1.702666e+00  -5.283215e-02 
7.040000e-01  1.639755e+00  1.692590e+00  -5.283489e-02 
7.050000e-01  1.564536e+00  1.618006e+00  -5.346990e-02 
7.060000e-01  1.530177e+00  1.582945e+00  -5.276843e-02 
7.070000e-01  1.540739e+00  1.595082e+00  -5.434259e-02 
7.080000e-01  1.552909e+00  1.607409e+00  -5.450008e-02 
7.090000e-01  1.518270e+00  1.572261e+00  -5.399123e-02 
7.100000e-01  1.502310e+00  1.560892e+00  -5.858204e-02 
7.110000e-01  1.530545e+00  1.588389e+00  -5.784425e-02 
7.120000e-01  1.535868e+00  1.593700e+00  -5.783247e-02 
7.130000e-01  1.535146e+00  1.591293e+00  -5.614689e-02 
7.140000e-01  1.554677e+00  1.614040e+00  -5.936275e-02 
7.150000e-01  1.515996e+00  1.574055e+00  -5.805925e-02 
7.160000e-01  1.511634e+00  1.575456e+00  -6.382207e-02 
7.170000e-01  1.457301e+00  1.519148e+00  -6.184692e-02 
7.180000e-01  1.412216e+00  1.472163e+00  -5.994682e-02 
7.190000e-01  1.374142e+00  1.433658e+00  -5.951525e-02 
7.200000e-01  1.377742e+00  1.440646e+00  -6.290426e-02 
7.210000e-01  1.363249e+00  1.428346e+00  -6.509691e-02 
7.220000e-01  1.351449e+00  1.420532e+00  -6.908256e-02 
7.230000e-01  1.388435e+00  1.458767e+00  -7.033162e-02 
7.240000e-01  1.360168e+00  1.435182e+00  -7.501366e-02 
7.250000e-01  1.380905e+00  1.452855e+00  -7.195058e-02 
7.260000e-01  1.417710e+00  1.488284e+00  -7.057424e-02 
7.270000e-01  1.504341e+00  1.579865e+00  -7.552379e-02 
7.280000e-01  1.463494e+00  1.539161e+00  -7.566629e-02 
7.290000e-01  1.419222e+00  1.493418e+00  -7.419597e-02 
7.300000e-01  1.445349e+00  1.515808e+00  -7.045922e-02 
7.310000e-01  1.437180e+00  1.511504e+00  -7.432342e-02 
7.320000e-01  1.454044e+00  1.526391e+00  -7.234768e-02 
7.330000e-01  1.460257e+00  1.534215e+00  -7.395755e-02 
7.340000e-01  1.452728e+00  1.526536e+00  -7.380827e-02 
7.350000e-01  1.451020e+00  1.525269e+00  -7.424883e-02 
7.360000e-01  1.404596e+00  1.478721e+00  -7.412452e-02 
7.370000e-01  1.398188e+00  1.473841e+00  -7.565292e-02 
7.380000e-01  1.381663e+00  1.456706e+00  -7.504353e-02 
7.390000e-01  1.392022e+00  1.461620e+00  -6.959809e-02 
7.400000e-01  1.346449e+00  1.416677e+00  -7.022843e-02 
7.410000e-01  1.345488e+00  1.413210e+00  -6.772232e-02 
7.420000e-01  1.354642e+00  1.419888e+00  -6.524593e-02 
7.430000e-01  1.311115e+00  1.374826e+00  -6.371102e-02 
7.440000e-01  1.350733e+00  1.414459e+00  -6.372693e-02 
7.450000e-01  1.349167e+00  1.408602e+00  -5.943510e-02 
7.460000e-01  1.365829e+00  1.424313e+00  -5.848386e-02 
7.470000e-01  1.349683e+00  1.409253e+00  -5.956993e-02 
7.480000e-01  1.355914e+00  1.413496e+00  -5.758189e-02 
7.490000e-01  1.376617e+00  1.435363e+00  -5.874626e-02 
7.500000e-01  1.384470e+00  1.441005e+00  -5.653482e-02 
7.510000e-01  1.364271e+00  1.419501e+00  -5.523022e-02 
7.520000e-01  1.406558e+00  1.462257e+00  -5.569891e-02 
7.530000e-01  1.378007e+00  1.431849e+00  -5.384206e-02 
7.540000e-01  1.377999e+00  1.429927e+00  -5.192763e-02 
7.550000e-01  1.419727e+00  1.472303e+00  -5.257644e-02 
7.560000e-01  1.445369e+00  1.497736e+00  -5.236702e-02 
7.570000e-01  1.438981e+00  1.491633e+00  -5.265239e-02 
7.580000e-01  1.415384e+00  1.464146e+00  -4.876248e-02 
7.590000e-01  1.373489e+00  1.419328e+00  -4.583979e-02 
7.600000e-01  1.402106e+00  1.450232e+00  -4.812616e-02 
7.610000e-01  1.427622e+00  1.479307e+00  -5.168422e-02 
7.620000e-01  1.458021e+00  1.511201e+00  -5.317947e-02 
7.630000e-01  1.447053e+00  1.500215e+00  -5.316132e-02 
7.640000e-01  1.499658e+00  1.550040e+00  -5.038237e-02 
7.650000e-01  1.494804e+00  1.541525e+00  -4.672067e-02 
7.660000e-01  1.530079e+00  1.581426e+00  -5.134755e-02 
7.670000e-01  1.529624e+00  1.587339e+00  -5.771468e-02 
7.680000e-01  1.524769e+00  1.583980e+00  -5.921072e-02 
7.690000e-01  1.529791e+00  1.592062e+00  -6.227044e-02 
7.700000e-01  1.527348e+00  1.590279e+00  -6.293104e-02 
7.710000e-01  1.537660e+00  1.599172e+00  -6.151214e-02 
7.720000e-01  1.531970e+00  1.591406e+00  -5.943607e-02 
7.730000e-01  1.536488e+00  1.595726e+00  -5.923862e-02 
7.740000e-01  1.513745e+00  1.571270e+00  -5.752480e-02 
7.750000e-01  1.519268e+00  1.580157e+00  -6.088886e-02 
7.760000e-01  1.525996e+00  1.585298e+00  -5.930205e-02 
7.770000e-01  1.489424e+00  1.550372e+00  -6.094804e-02 
7.780000e-01  1.504889e+00  1.566464e+00  -6.157524e-02 
7.790000e-01  1.503708e+00  1.567486e+00  -6.377751e-02 
7.800000e-01  1.560093e+00  1.626223e+00  -6.612974e-02 
7.810000e-01  1.529477e+00  1.596098e+00  -6.662065e-02 
7.820000e-01  1.507095e+00  1.576183e+00  -6.908706e-02 
7.830000e-01  1.526520e+00  1.596167e+00  -6.964645e-02 
7.840000e-01  1.586992e+00  1.658688e+00  -7.169564e-02 
7.850000e-01  1.547119e+00  1.613405e+00  -6.628545e-02 
7.860000e-01  1.542937e+00  1.605544e+00  -6.260686e-02 
7.870000e-01  1.540193e+00  1.601608e+00  -6.141426e-02 
7.880000e-01  1.551252e+00  1.610183e+00  -5.893133e-02 
7.890000e-01  1.477958e+00  1.534537e+00  -5.657906e-02 
7.900000e-01  1.444282e+00  1.500223e+00  -5.594121e-02 
7.910000e-01  1.405795e+00  1.464892e+00  -5.909787e-02 
7.920000e-01  1.396797e+00  1.458632e+00  -6.183508e-02 
7.930000e-01  1.397634e+00  1.461878e+00  -6.424410e-02 
7.940000e-01  1.335923e+00  1.400155e+00  -6.423133e-02 
7.950000e-01  1.330080e+00  1.395451e+00  -6.537051e-02 
7.960000e-01  1.261817e+00  1.328369e+00  -6.655165e-02 
7.970000e-01  1.258377e+00  1.327796e+00  -6.941910e-02 
7.980000e-01  1.237846e+00  1.311593e+00  -7.374742e-02 
7.990000e-01  1.289459e+00  1.363277e+00  -7.381760e-02 
8.000000e-01  1.281123e+00  1.356224e+00  -7.510132e-02 
8.010000e-01  1.298110e+00  1.375915e+00  -7.780550e-02 
8.020000e-01  1.302202e+00  1.378752e+00  -7.654999e-02 
8.030000e-01  1.302496e+00  1.379896e+00  -7.739986e-02 
8.040000e-01  1.340371e+00  1.416869e+00  -7.649723e-02 
8.050000e-01  1.358603e+00  1.438350e+00  -7.974664e-02 
8.060000e-01  1.340012e+00  1.422304e+00  -8.229163e-02 
8.070000e-01  1.285318e+00  1.370161e+00  -8.484232e-02 
8.080000e-01  1.254919e+00  1.341038e+00  -8.611828e-02 
8.090000e-01  1.290991e+00  1.374983e+00  -8.399186e-02 
8.100000e-01  1.293806e+00  1.377043e+00  -8.323634e-02 
8.110000e-01  1.264628e+00  1.354188e+00  -8.956047e-02 
8.120000e-01  1.260632e+00  1.351686e+00  -9.105438e-02 
8.130000e-01  1.283767e+00  1.373627e+00  -8.985976e-02 
8.140000e-01  1.255547e+00  1.347977e+00  -9.243006e-02 
8.150000e-01  1.297749e+00  1.389661e+00  -9.191231e-02 
8.160000e-01  1.370634e+00  1.459019e+00  -8.838511e-02 
8.170000e-01  1.322053e+00  1.412137e+00  -9.008368e-02 
8.180000e-01  1.307230e+00  1.399754e+00  -9.252399e-02 
8.190000e-01  1.288116e+00  1.381973e+00  -9.385708e-02 
8.200000e-01  1.236948e+00  1.337510e+00  -1.005617e-01 
8.210000e-01  1.310355e+00  1.410993e+00  -1.006378e-01 
8.220000e-01  1.307468e+00  1.406886e+00  -9.941774e-02 
8.230000e-01  1.336372e+00  1.437302e+00  -1.009298e-01 
8.240000e-01  1.336043e+00  1.434857e+00  -9.881443e-02 
8.250000e-01  1.317646e+00  1.408754e+00  -9.110769e-02 
8.260000e-01  1.318954e+00  1.406717e+00  -8.776316e-02 
8.270000e-01  1.355092e+00  1.443272e+00  -8.818037e-02 
8.280000e-01  1.290570e+00  1.376698e+00  -8.612825e-02 
8.290000e-01  1.250343e+00  1.338362e+00  -8.801930e-02 
8.300000e-01  1.222782e+00  1.314865e+00  -9.208303e-02 
8.310000e-01  1.179916e+00  1.272424e+00  -9.250806e-02 
8.320000e-01  1.195303e+00  1.287642e+00  -9.233921e-02 
8.330000e-01  1.162143e+00  1.253218e+00  -9.107478e-02 
8.340000e-01  1.191303e+00  1.281284e+00  -8.998084e-02 
8.350000e-01  1.153155e+00  1.243288e+00  -9.013288e-02 
8.360000e-01  1.113928e+00  1.204360e+00  -9.043217e-02 
8.370000e-01  1.142650e+00  1.233496e+00  -9.084579e-02 
8.380000e-01  1.105443e+00  1.197156e+00  -9.171305e-02 
8.390000e-01  1.107228e+00  1.200112e+00  -9.288414e-02 
8.400000e-01  1.121014e+00  1.216205e+00  -9.519091e-02 
8.410000e-01  1.097526e+00  1.192826e+00  -9.529991e-02 
8.420000e-01  1.068568e+00  1.164879e+00  -9.631057e-02 
8.430000e-01  1.111350e+00  1.210462e+00  -9.911156e-02 
8.440000e-01  1.081718e+00  1.180638e+00  -9.891990e-02 
8.450000e-01  1.081620e+00  1.180560e+00  -9.894073e-02 
8.460000e-01  1.103366e+00  1.203378e+00  -1.000121e-01 
8.470000e-01  1.122371e+00  1.225883e+00  -1.035122e-01 
8.480000e-01  1.146634e+00  1.252516e+00  -1.058821e-01 
8.490000e-01  1.084578e+00  1.192640e+00  -1.080619e-01 
8.500000e-01  1.078605e+00  1.186835e+00  -1.082301e-01 
8.510000e-01  1.066234e+00  1.177672e+00  -1.114381e-01 
8.520000e-01  1.034498e+00  1.144962e+00  -1.104641e-01 
8.530000e-01  1.021867e+00  1.133716e+00  -1.118490e-01 
8.540000e-01  1.001709e+00  1.112353e+00  -1.106441e-01 
8.550000e-01  1.012872e+00  1.120847e+00  -1.079750e-01 
8.560000e-01  9.817207e-01  1.091290e+00  -1.095696e-01 
8.570000e-01  9.719351e-01  1.083047e+00  -1.111116e-01 
8.580000e-01  9.498352e-01  1.062305e+00  -1.124697e-01 
8.590000e-01  9.587648e-01  1.071583e+00  -1.128179e-01 
8.600000e-01  1.020569e+00  1.133883e+00  -1.133144e-01 
8.610000e-01  1.028096e+00  1.143229e+00  -1.151329e-01 
8.620000e-01  1.042281e+00  1.159094e+00  -1.168127e-01 
8.630000e-01  1.048002e+00  1.163777e+00  -1.157751e-01 
8.640000e-01  1.093852e+00  1.208131e+00  -1.142794e-01 
8.650000e-01  1.089087e+00  1.202780e+00  -1.136931e-01 
8.660000e-01  1.088199e+00  1.199454e+00  -1.112555e-01 
8.670000e-01  1.079612e+00  1.192308e+00  -1.126952e-01 
8.680000e-01  1.117314e+00  1.231272e+00  -1.139579e-01 
8.690000e-01  1.149991e+00  1.262406e+00  -1.124143e-01 
8.700000e-01  1.131500e+00  1.244523e+00  -1.130233e-01 
8.710000e-01  1.141299e+00  1.252277e+00  -1.109778e-01 
8.720000e-01  1.159390e+00  1.268899e+00  -1.095091e-01 
8.730000e-01  1.185967e+00  1.293901e+00  -1.079340e-01 
8.740000e-01  1.199438e+00  1.308005e+00  -1.085666e-01 
8.750000e-01  1.187868e+00  1.296218e+00  -1.083506e-01 
8.760000e-01  1.188083e+00  1.299173e+00  -1.110894e-01 
8.770000e-01  1.178326e+00  1.288374e+00  -1.100477e-01 
8.780000e-01  1.235126e+00  1.346598e+00  -1.114720e-01 
8.790000e-01  1.206364e+00  1.312224e+00  -1.058597e-01 
8.800000e-01  1.231362e+00  1.335098e+00  -1.037360e-01 
8.810000e-01  1.273405e+00  1.375403e+00  -1.019981e-01 
8.820000e-01  1.299529e+00  1.401254e+00  -1.017249e-01 
8.830000e-01  1.308265e+00  1.410933e+00  -1.026687e-01 
8.840000e-01  1.316868e+00  1.418134e+00  -1.012656e-01 
8.850000e-01  1.310771e+00  1.412524e+00  -1.017533e-01 
8.860000e-01  1.337855e+00  1.442916e+00  -1.050613e-01 
8.870000e-01  1.327553e+00  1.430049e+00  -1.024963e-01 
8.880000e-01  1.369681e+00  1.473632e+00  -1.039509e-01 
8.890000e-01  1.373295e+00  1.476506e+00  -1.032103e-01 
8.900000e-01  1.306008e+00  1.411002e+00  -1.049940e-01 
8.910000e-01  1.280445e+00  1.384141e+00  -1.036964e-01 
8.920000e-01  1.294874e+00  1.399706e+00  -1.048313e-01 
8.930000e-01  1.303396e+00  1.411133e+00  -1.077373e-01 
8.940000e-01  1.271659e+00  1.378103e+00  -1.064447e-01 
8.950000e-01  1.288710e+00  1.391844e+00  -1.031346e-01 
8.960000e-01  1.333538e+00  1.436826e+00  -1.032877e-01 
8.970000e-01  1.418639e+00  1.521025e+00  -1.023857e-01 
8.980000e-01  1.430078e+00  1.528965e+00  -9.888644e-02 
8.990000e-01  1.401291e+00  1.501984e+00  -1.006923e-01 
9.000000e-01  1.401277e+00  1.501470e+00  -1.001929e-01 
9.010000e-01  1.372803e+00  1.476800e+00  -1.039969e-01 
9.020000e-01  1.403721e+00  1.508730e+00  -1.050094e-01 
9.030000e-01  1.324287e+00  1.428747e+00  -1.044603e-01 
9.040000e-01  1.302941e+00  1.407350e+00  -1.044094e-01 
9.050000e-01  1.302276e+00  1.404505e+00  -1.022290e-01 
9.060000e-01  1.315648e+00  1.415408e+00  -9.976004e-02 
9.070000e-01  1.394829e+00  1.492032e+00  -9.720305e-02 
9.080000e-01  1.391543e+00  1.490171e+00  -9.862767e-02 
9.090000e-01  1.339513e+00  1.436338e+00  -9.682473e-02 
9.100000e-01  1.342271e+00  1.432823e+00  -9.055158e-02 
9.110000e-01  1.330117e+00  1.416861e+00  -8.674323e-02 
9.120000e-01  1.370934e+00  1.456423e+00  -8.548911e-02 
9.130000e-01  1.350360e+00  1.436409e+00  -8.604950e-02 
9.140000e-01  1.354079e+00  1.445450e+00  -9.137099e-02 
9.150000e-01  1.299072e+00  1.391312e+00  -9.223939e-02 
9.160000e-01  1.308634e+00  1.398969e+00  -9.033495e-02 
9.170000e-01  1.331844e+00  1.423610e+00  -9.176678e-02 
9.180000e-01  1.358052e+00  1.446950e+00  -8.889834e-02 
9.190000e-01  1.352203e+00  1.439741e+00  -8.753784e-02 
9.200000e-01  1.319916e+00  1.410305e+00  -9.038903e-02 
9.210000e-01  1.298001e+00  1.388512e+00  -9.051079e-02 
9.220000e-01  1.315497e+00  1.400317e+00  -8.482000e-02 
9.230000e-01  1.328325e+00  1.414476e+00  -8.615075e-02 
9.240000e-01  1.291880e+00  1.378311e+00  -8.643140e-02 
9.250000e-01  1.247350e+00  1.332865e+00  -8.551489e-02 
9.260000e-01  1.231127e+00  1.317702e+00  -8.657455e-02 
9.270000e-01  1.213854e+00  1.295287e+00  -8.143261e-02 
9.280000e-01  1.222964e+00  1.304687e+00  -8.172317e-02 
9.290000e-01  1.250624e+00  1.329940e+00  -7.931577e-02 
9.300000e-01  1.225828e+00  1.308941e+00  -8.311278e-02 
9.310000e-01  1.247380e+00  1.329704e+00  -8.232347e-02 
9.320000e-01  1.260531e+00  1.341181e+00  -8.065027e-02 
9.330000e-01  1.238704e+00  1.319527e+00  -8.082273e-02 
9.340000e-01  1.202729e+00  1.286525e+00  -8.379589e-02 
9.350000e-01  1.168270e+00  1.251072e+00  -8.280158e-02 
9.360000e-01  1.170553e+00  1.251778e+00  -8.122531e-02 
9.370000e-01  1.197382e+00  1.280153e+00  -8.277073e-02 
9.380000e-01  1.221345e+00  1.308790e+00  -8.744463e-02 
9.390000e-01  1.194209e+00  1.287665e+00  -9.345559e-02 
9.400000e-01  1.210680e+00  1.306816e+00  -9.613659e-02 
9.410000e-01  1.213215e+00  1.310740e+00  -9.752459e-02 
9.420000e-01  1.236164e+00  1.331843e+00  -9.567967e-02 
9.430000e-01  1.283082e+00  1.383231e+00  -1.001486e-01 
9.440000e-01  1.344924e+00  1.445278e+00  -1.003539e-01 
9.450000e-01  1.329932e+00  1.433172e+00  -1.032396e-01 
9.460000e-01  1.296807e+00  1.400659e+00  -1.038520e-01 
9.470000e-01  1.311632e+00  1.417618e+00  -1.059861e-01 
9.480000e-01  1.294455e+00  1.400469e+00  -1.060137e-01 
9.490000e-01  1.300956e+00  1.404007e+00  -1.030506e-01 
9.500000e-01  1.352787e+00  1.456297e+00  -1.035100e-01 
9.510000e-01  1.359929e+00  1.460421e+00  -1.004922e-01 
9.520000e-01  1.379981e+00  1.477775e+00  -9.779437e-02 
9.530000e-01  1.337834e+00  1.433535e+00  -9.570052e-02 
9.540000e-01  1.296126e+00  1.394405e+00  -9.827914e-02 
9.550000e-01  1.302922e+00  1.401054e+00  -9.813175e-02 
9.560000e-01  1.311300e+00  1.409946e+00  -9.864586e-02 
9.570000e-01  1.249082e+00  1.349541e+00  -1.004589e-01 
9.580000e-01  1.278048e+00  1.377573e+00  -9.952515e-02 
9.590000e-01  1.263916e+00  1.365569e+00  -1.016533e-01 
9.600000e-01  1.260010e+00  1.359127e+00  -9.911653e-02 
9.610000e-01  1.225004e+00  1.317468e+00  -9.246401e-02 
9.620000e-01  1.269114e+00  1.360028e+00  -9.091434e-02 
9.630000e-01  1.336191e+00  1.426542e+00  -9.035088e-02 
9.640000e-01  1.317580e+00  1.413973e+00  -9.639383e-02 
9.650000e-01  1.317352e+00  1.408429e+00  -9.107687e-02 
9.660000e-01  1.343016e+00  1.437437e+00  -9.442115e-02 
9.670000e-01  1.277102e+00  1.367400e+00  -9.029849e-02 
9.680000e-01  1.249989e+00  1.342951e+00  -9.296172e-02 
9.690000e-01  1.217615e+00  1.308287e+00  -9.067224e-02 
9.700000e-01  1.190643e+00  1.280027e+00  -8.938416e-02 
9.710000e-01  1.229275e+00  1.317977e+00  -8.870206e-02 
9.720000e-01  1.206968e+00  1.294533e+00  -8.756561e-02 
9.730000e-01  1.279478e+00  1.368759e+00  -8.928152e-02 
9.740000e-01  1.285371e+00  1.378610e+00  -9.323908e-02 
9.750000e-01  1.283544e+00  1.378239e+00  -9.469499e-02 
9.760000e-01  1.234438e+00  1.326994e+00  -9.255536e-02 
9.770000e-01  1.236140e+00  1.329456e+00  -9.331543e-02 
9.780000e-01  1.246739e+00  1.343314e+00  -9.657532e-02 
9.790000e-01  1.282989e+00  1.380327e+00  -9.733863e-02 
9.800000e-01  1.289345e+00  1.386606e+00  -9.726042e-02 
9.810000e-01  1.273784e+00  1.374717e+00  -1.009331e-01 
9.820000e-01  1.344152e+00  1.444093e+00  -9.994124e-02 
9.830000e-01  1.316183e+00  1.422035e+00  -1.058526e-01 
9.840000e-01  1.314291e+00  1.421662e+00  -1.073712e-01 
9.850000e-01  1.352139e+00  1.460470e+00  -1.083307e-01 
9.860000e-01  1.358996e+00  1.471662e+00  -1.126655e-01 
9.870000e-01  1.321392e+00  1.432489e+00  -1.110971e-01 
9.880000e-01  1.328457e+00  1.439851e+00  -1.113936e-01 
9.890000e-01  1.374932e+00  1.484630e+00  -1.096977e-01 
9.900000e-01  1.378204e+00  1.490402e+00  -1.121973e-01 
9.910000e-01  1.322952e+00  1.435520e+00  -1.125677e-01 
9.920000e-01  1.353879e+00  1.467607e+00  -1.137279e-01 
9.930000e-01  1.395613e+00  1.511015e+00  -1.154021e-01 
9.940000e-01  1.394172e+00  1.504799e+00  -1.106273e-01 
9.950000e-01  1.380294e+00  1.492620e+00  -1.123261e-01 
9.960000e-01  1.405327e+00  1.516927e+00  -1.116000e-01 
9.970000e-01  1.360055e+00  1.469585e+00  -1.095302e-01 
9.980000e-01  1.334877e+00  1.441427e+00  -1.065492e-01 
9.990000e-01  1.315550e+00  1.421730e+00  -1.061792e-01 
