0.000000e+00  1.000000e+00  1.000000e+00  0.000000e+00 
1.000000e-03  9.840520e-01  9.839160e-01  1.359355e-04 
2.000000e-03  9.828776e-01  9.829160e-01  -3.844178e-05 
3.000000e-03  9.304001e-01  9.306764e-01  -2.762542e-04 
4.000000e-03  9.253050e-01  9.254202e-01  -1.152045e-04 
5.000000e-03  9.251843e-01  9.252717e-01  -8.733686e-05 
6.000000e-03  9.513381e-01  9.512235e-01  1.145281e-04 
7.000000e-03  9.737450e-01  9.734851e-01  2.598911e-04 
8.000000e-03  9.759699e-01  9.756033e-01  3.666672e-04 
9.000000e-03  9.771721e-01  9.768570e-01  3.150975e-04 
1.000000e-02  9.676610e-01  9.674309e-01  2.301352e-04 
1.100000e-02  9.494037e-01  9.490340e-01  3.696885e-04 
1.200000e-02  9.317077e-01  9.314059e-01  3.018321e-04 
1.300000e-02  9.925813e-01  9.924652e-01  1.160937e-04 
1.400000e-02  9.857135e-01  9.855059e-01  2.076186e-04 
1.500000e-02  1.056857e+00  1.056709e+00  1.480423e-04 
1.600000e-02  1.044540e+00  1.044708e+00  -1.676135e-04 
1.700000e-02  1.052689e+00  1.052667e+00  2.168815e-05 
1.800000e-02  1.058069e+00  1.058306e+00  -2.363911e-04 
1.900000e-02  1.112211e+00  1.111912e+00  2.987306e-04 
2.000000e-02  1.155117e+00  1.154614e+00  5.030127e-04 
2.100000e-02  1.181638e+00  1.180949e+00  6.895100e-04 
2.200000e-02  1.208878e+00  1.208152e+00  7.256965e-04 
2.300000e-02  1.165994e+00  1.165149e+00  8.453361e-04 
2.400000e-02  1.174853e+00  1.174105e+00  7.485373e-04 
2.500000e-02  1.164934e+00  1.164369e+00  5.647940e-04 
2.600000e-02  1.210945e+00  1.210416e+00  5.293136e-04 
2.700000e-02  1.175067e+00  1.174628e+00  4.398079e-04 
2.800000e-02  1.147542e+00  1.147141e+00  4.013602e-04 
2.900000e-02  1.128657e+00  1.128302e+00  3.548346e-04 
3.000000e-02  1.140084e+00  1.139750e+00  3.342068e-04 
3.100000e-02  1.143587e+00  1.143022e+00  5.652951e-04 
3.200000e-02  1.144420e+00  1.143714e+00  7.057404e-04 
3.300000e-02  1.142112e+00  1.141602e+00  5.103453e-04 
3.400000e-02  1.144643e+00  1.143907e+00  7.360828e-04 
3.500000e-02  1.144865e+00  1.144018e+00  8.471077e-04 
3.600000e-02  1.153918e+00  1.153066e+00  8.518548e-04 
3.700000e-02  1.177243e+00  1.176437e+00  8.053594e-04 
3.800000e-02  1.168271e+00  1.167343e+00  9.279266e-04 
3.900000e-02  1.169620e+00  1.168477e+00  1.142551e-03 
4.000000e-02  1.232795e+00  1.231434e+00  1.361293e-03 
4.100000e-02  1.282009e+00  1.280463e+00  1.545497e-03 
4.200000e-02  1.316412e+00  1.314740e+00  1.672685e-03 
4.300000e-02  1.333353e+00  1.332165e+00  1.187827e-03 
4.400000e-02  1.344393e+00  1.343332e+00  1.061217e-03 
4.500000e-02  1.302265e+00  1.301732e+00  5.339422e-04 
4.600000e-02  1.253410e+00  1.252954e+00  4.559644e-04 
4.700000e-02  1.202270e+00  1.201570e+00  7.001946e-04 
4.800000e-02  1.196025e+00  1.195063e+00  9.617242e-04 
4.900000e-02  1.199835e+00  1.199016e+00  8.192948e-04 
5.000000e-02  1.148831e+00  1.147974e+00  8.564288e-04 
5.100000e-02  1.140796e+00  1.140100e+00  6.958756e-04 
5.200000e-02  1.123704e+00  1.122934e+00  7.697677e-04 
5.300000e-02  1.165122e+00  1.164350e+00  7.722913e-04 
5.400000e-02  1.201706e+00  1.201155e+00  5.504539e-04 
5.500000e-02  1.169045e+00  1.168316e+00  7.291022e-04 
5.600000e-02  1.170165e+00  1.169523e+00  6.418613e-04 
5.700000e-02  1.201163e+00  1.200677e+00  4.862542e-04 
5.800000e-02  1.209287e+00  1.208763e+00  5.230746e-04 
5.900000e-02  1.317535e+00  1.317072e+00  4.632712e-04 
6.000000e-02  1.300809e+00  1.300775e+00  3.454485e-05 
6.100000e-02  1.324729e+00  1.324676e+00  5.370439e-05 
6.200000e-02  1.304121e+00  1.304232e+00  -1.103970e-04 
6.300000e-02  1.267467e+00  1.268019e+00  -5.522782e-04 
6.400000e-02  1.285114e+00  1.285457e+00  -3.424113e-04 
6.500000e-02  1.304957e+00  1.305107e+00  -1.505410e-04 
6.600000e-02  1.255578e+00  1.255718e+00  -1.398248e-04 
6.700000e-02  1.293049e+00  1.293296e+00  -2.465125e-04 
6.800000e-02  1.288189e+00  1.288370e+00  -1.813322e-04 
6.900000e-02  1.338191e+00  1.338324e+00  -1.323788e-04 
7.000000e-02  1.415239e+00  1.415237e+00  2.001806e-06 
7.100000e-02  1.420902e+00  1.421334e+00  -4.325895e-04 
7.200000e-02  1.449280e+00  1.450189e+00  -9.082455e-04 
7.300000e-02  1.454066e+00  1.454445e+00  -3.788091e-04 
7.400000e-02  1.454528e+00  1.454534e+00  -6.194288e-06 
7.500000e-02  1.446255e+00  1.446334e+00  -7.820493e-05 
7.600000e-02  1.395526e+00  1.395604e+00  -7.864432e-05 
7.700000e-02  1.429914e+00  1.429573e+00  3.412684e-04 
7.800000e-02  1.426965e+00  1.426549e+00  4.152975e-04 
7.900000e-02  1.462648e+00  1.462146e+00  5.017675e-04 
8.000000e-02  1.499946e+00  1.499486e+00  4.598983e-04 
8.100000e-02  1.433668e+00  1.432609e+00  1.059310e-03 
8.200000e-02  1.444861e+00  1.443647e+00  1.213664e-03 
8.300000e-02  1.397798e+00  1.396788e+00  1.010042e-03 
8.400000e-02  1.382609e+00  1.381835e+00  7.742130e-04 
8.500000e-02  1.391027e+00  1.390006e+00  1.021400e-03 
8.600000e-02  1.393481e+00  1.392297e+00  1.184816e-03 
8.700000e-02  1.372515e+00  1.371054e+00  1.461030e-03 
8.800000e-02  1.370302e+00  1.368585e+00  1.716325e-03 
8.900000e-02  1.377389e+00  1.375558e+00  1.830790e-03 
9.000000e-02  1.366407e+00  1.364679e+00  1.728533e-03 
9.100000e-02  1.377276e+00  1.375337e+00  1.938746e-03 
9.200000e-02  1.364739e+00  1.363026e+00  1.713065e-03 
9.300000e-02  1.384001e+00  1.382456e+00  1.545316e-03 
9.400000e-02  1.363042e+00  1.361613e+00  1.429599e-03 
9.500000e-02  1.349025e+00  1.347578e+00  1.447263e-03 
9.600000e-02  1.364195e+00  1.362859e+00  1.335619e-03 
9.700000e-02  1.343059e+00  1.341914e+00  1.145452e-03 
9.800000e-02  1.371303e+00  1.370259e+00  1.043983e-03 
9.900000e-02  1.378150e+00  1.377333e+00  8.162995e-04 
1.000000e-01  1.376356e+00  1.376086e+00  2.709220e-04 
1.010000e-01  1.359015e+00  1.358723e+00  2.927860e-04 
1.020000e-01  1.357552e+00  1.357347e+00  2.049836e-04 
1.030000e-01  1.326528e+00  1.326282e+00  2.459409e-04 
1.040000e-01  1.313185e+00  1.313295e+00  -1.094123e-04 
1.050000e-01  1.340363e+00  1.341141e+00  -7.783100e-04 
1.060000e-01  1.345035e+00  1.345685e+00  -6.501940e-04 
1.070000e-01  1.397170e+00  1.397734e+00  -5.640163e-04 
1.080000e-01  1.408456e+00  1.408793e+00  -3.360332e-04 
1.090000e-01  1.409717e+00  1.409669e+00  4.834725e-05 
1.100000e-01  1.431398e+00  1.431058e+00  3.399396e-04 
1.110000e-01  1.446720e+00  1.446645e+00  7.428968e-05 
1.120000e-01  1.466870e+00  1.467239e+00  -3.682712e-04 
1.130000e-01  1.418056e+00  1.418166e+00  -1.096920e-04 
1.140000e-01  1.400571e+00  1.400135e+00  4.351130e-04 
1.150000e-01  1.431554e+00  1.431322e+00  2.311240e-04 
1.160000e-01  1.412317e+00  1.412376e+00  -5.868381e-05 
1.170000e-01  1.429286e+00  1.429120e+00  1.665066e-04 
1.180000e-01  1.431064e+00  1.430737e+00  3.275748e-04 
1.190000e-01  1.367749e+00  1.367391e+00  3.576063e-04 
1.200000e-01  1.463538e+00  1.463071e+00  4.673059e-04 
1.210000e-01  1.456581e+00  1.456249e+00  3.323506e-04 
1.220000e-01  1.395846e+00  1.395693e+00  1.534719e-04 
1.230000e-01  1.391584e+00  1.392065e+00  -4.803975e-04 
1.240000e-01  1.381126e+00  1.381789e+00  -6.629500e-04 
1.250000e-01  1.363013e+00  1.363644e+00  -6.308416e-04 
1.260000e-01  1.325107e+00  1.325789e+00  -6.820938e-04 
1.270000e-01  1.322573e+00  1.322961e+00  -3.881667e-04 
1.280000e-01  1.343131e+00  1.343429e+00  -2.982205e-04 
1.290000e-01  1.342767e+00  1.343001e+00  -2.339176e-04 
1.300000e-01  1.381415e+00  1.381517e+00  -1.023410e-04 
1.310000e-01  1.365338e+00  1.365423e+00  -8.481793e-05 
1.320000e-01  1.340901e+00  1.341268e+00  -3.666710e-04 
1.330000e-01  1.375129e+00  1.375495e+00  -3.663352e-04 
1.340000e-01  1.432646e+00  1.433031e+00  -3.854248e-04 
1.350000e-01  1.471370e+00  1.471647e+00  -2.768154e-04 
1.360000e-01  1.421020e+00  1.421659e+00  -6.381423e-04 
1.370000e-01  1.376774e+00  1.377397e+00  -6.224111e-04 
1.380000e-01  1.410453e+00  1.410871e+00  -4.187711e-04 
1.390000e-01  1.438185e+00  1.438355e+00  -1.691296e-04 
1.400000e-01  1.420486e+00  1.420532e+00  -4.579775e-05 
1.410000e-01  1.442190e+00  1.441950e+00  2.403893e-04 
1.420000e-01  1.439331e+00  1.439427e+00  -9.617337e-05 
1.430000e-01  1.446614e+00  1.446652e+00  -3.800594e-05 
1.440000e-01  1.405276e+00  1.405606e+00  -3.293366e-04 
1.450000e-01  1.433153e+00  1.433393e+00  -2.407069e-04 
1.460000e-01  1.474908e+00  1.475326e+00  -4.178734e-04 
1.470000e-01  1.503966e+00  1.504295e+00  -3.284795e-04 
1.480000e-01  1.550865e+00  1.551643e+00  -7.776676e-04 
1.490000e-01  1.597801e+00  1.598531e+00  -7.299791e-04 
1.500000e-01  1.621835e+00  1.622726e+00  -8.911204e-04 
1.510000e-01  1.661333e+00  1.662290e+00  -9.570951e-04 
1.520000e-01  1.706388e+00  1.707137e+00  -7.494112e-04 
1.530000e-01  1.630771e+00  1.631673e+00  -9.027641e-04 
1.540000e-01  1.571521e+00  1.571854e+00  -3.329773e-04 
1.550000e-01  1.563355e+00  1.563320e+00  3.558908e-05 
1.560000e-01  1.526127e+00  1.526259e+00  -1.319706e-04 
1.570000e-01  1.507242e+00  1.507285e+00  -4.274500e-05 
1.580000e-01  1.532254e+00  1.532253e+00  1.489747e-06 
1.590000e-01  1.507589e+00  1.508278e+00  -6.892022e-04 
1.600000e-01  1.570271e+00  1.570551e+00  -2.804531e-04 
1.610000e-01  1.614037e+00  1.614214e+00  -1.765808e-04 
1.620000e-01  1.599381e+00  1.599638e+00  -2.571452e-04 
1.630000e-01  1.574921e+00  1.575325e+00  -4.045257e-04 
1.640000e-01  1.625831e+00  1.626123e+00  -2.923307e-04 
1.650000e-01  1.621920e+00  1.622149e+00  -2.293023e-04 
1.660000e-01  1.607856e+00  1.608046e+00  -1.904410e-04 
1.670000e-01  1.660637e+00  1.660898e+00  -2.609987e-04 
1.680000e-01  1.637093e+00  1.637131e+00  -3.814542e-05 
1.690000e-01  1.614745e+00  1.614826e+00  -8.089173e-05 
1.700000e-01  1.613124e+00  1.613359e+00  -2.354643e-04 
1.710000e-01  1.576229e+00  1.576443e+00  -2.142050e-04 
1.720000e-01  1.540294e+00  1.540924e+00  -6.291910e-04 
1.730000e-01  1.519808e+00  1.520075e+00  -2.665981e-04 
1.740000e-01  1.492378e+00  1.492710e+00  -3.322655e-04 
1.750000e-01  1.474883e+00  1.475324e+00  -4.403718e-04 
1.760000e-01  1.464398e+00  1.464959e+00  -5.609642e-04 
1.770000e-01  1.471819e+00  1.472613e+00  -7.940031e-04 
1.780000e-01  1.512612e+00  1.513367e+00  -7.540843e-04 
1.790000e-01  1.491983e+00  1.493073e+00  -1.089248e-03 
1.800000e-01  1.478162e+00  1.479293e+00  -1.131794e-03 
1.810000e-01  1.476667e+00  1.477653e+00  -9.860797e-04 
1.820000e-01  1.446028e+00  1.447229e+00  -1.201749e-03 
1.830000e-01  1.452186e+00  1.453058e+00  -8.719156e-04 
1.840000e-01  1.476268e+00  1.476812e+00  -5.430611e-04 
1.850000e-01  1.455319e+00  1.456133e+00  -8.139071e-04 
1.860000e-01  1.475870e+00  1.477381e+00  -1.510635e-03 
1.870000e-01  1.464870e+00  1.466534e+00  -1.664552e-03 
1.880000e-01  1.495937e+00  1.497441e+00  -1.504110e-03 
1.890000e-01  1.461227e+00  1.462761e+00  -1.534253e-03 
1.900000e-01  1.441554e+00  1.443068e+00  -1.513843e-03 
1.910000e-01  1.491337e+00  1.492962e+00  -1.624780e-03 
1.920000e-01  1.440230e+00  1.441895e+00  -1.665110e-03 
1.930000e-01  1.430814e+00  1.432294e+00  -1.479716e-03 
1.940000e-01  1.360566e+00  1.362170e+00  -1.603309e-03 
1.950000e-01  1.299056e+00  1.300733e+00  -1.676883e-03 
1.960000e-01  1.296382e+00  1.298354e+00  -1.972052e-03 
1.970000e-01  1.266775e+00  1.268455e+00  -1.680571e-03 
1.980000e-01  1.266590e+00  1.267676e+00  -1.085790e-03 
1.990000e-01  1.222175e+00  1.223518e+00  -1.343336e-03 
2.000000e-01  1.279486e+00  1.280867e+00  -1.381135e-03 
2.010000e-01  1.268071e+00  1.268873e+00  -8.019941e-04 
2.020000e-01  1.325184e+00  1.325950e+00  -7.656529e-04 
2.030000e-01  1.358479e+00  1.359525e+00  -1.046177e-03 
2.040000e-01  1.327993e+00  1.329034e+00  -1.040294e-03 
2.050000e-01  1.314464e+00  1.315735e+00  -1.270918e-03 
2.060000e-01  1.231333e+00  1.233010e+00  -1.676694e-03 
2.070000e-01  1.235987e+00  1.237758e+00  -1.771137e-03 
2.080000e-01  1.286303e+00  1.288301e+00  -1.998816e-03 
2.090000e-01  1.217097e+00  1.218936e+00  -1.839703e-03 
2.100000e-01  1.281672e+00  1.283601e+00  -1.928343e-03 
2.110000e-01  1.273233e+00  1.274949e+00  -1.716010e-03 
2.120000e-01  1.239944e+00  1.241596e+00  -1.652197e-03 
2.130000e-01  1.212355e+00  1.213603e+00  -1.247953e-03 
2.140000e-01  1.241076e+00  1.242446e+00  -1.369653e-03 
2.150000e-01  1.235679e+00  1.237234e+00  -1.555814e-03 
2.160000e-01  1.243647e+00  1.245488e+00  -1.841247e-03 
2.170000e-01  1.300812e+00  1.302264e+00  -1.451082e-03 
2.180000e-01  1.273666e+00  1.275175e+00  -1.508532e-03 
2.190000e-01  1.321743e+00  1.322889e+00  -1.145975e-03 
2.200000e-01  1.369893e+00  1.370782e+00  -8.890922e-04 
2.210000e-01  1.343521e+00  1.344448e+00  -9.267521e-04 
2.220000e-01  1.383540e+00  1.384432e+00  -8.921467e-04 
2.230000e-01  1.427714e+00  1.428772e+00  -1.058176e-03 
2.240000e-01  1.426309e+00  1.427544e+00  -1.235566e-03 
2.250000e-01  1.417055e+00  1.418555e+00  -1.499280e-03 
2.260000e-01  1.395921e+00  1.397619e+00  -1.697387e-03 
2.270000e-01  1.400843e+00  1.402669e+00  -1.826643e-03 
2.280000e-01  1.405725e+00  1.407598e+00  -1.873570e-03 
2.290000e-01  1.400907e+00  1.402726e+00  -1.819288e-03 
2.300000e-01  1.393790e+00  1.395264e+00  -1.474039e-03 
2.310000e-01  1.465376e+00  1.467028e+00  -1.652454e-03 
2.320000e-01  1.469414e+00  1.471018e+00  -1.603822e-03 
2.330000e-01  1.487637e+00  1.489045e+00  -1.407985e-03 
2.340000e-01  1.476602e+00  1.477938e+00  -1.335430e-03 
2.350000e-01  1.475044e+00  1.476199e+00  -1.154160e-03 
2.360000e-01  1.468725e+00  1.470104e+00  -1.379221e-03 
2.370000e-01  1.457451e+00  1.458830e+00  -1.379052e-03 
2.380000e-01  1.480949e+00  1.481980e+00  -1.031328e-03 
2.390000e-01  1.529413e+00  1.530197e+00  -7.833196e-04 
2.400000e-01  1.489177e+00  1.489339e+00  -1.617329e-04 
2.410000e-01  1.514075e+00  1.514299e+00  -2.246319e-04 
2.420000e-01  1.515649e+00  1.516064e+00  -4.153153e-04 
2.430000e-01  1.512353e+00  1.512996e+00  -6.427741e-04 
2.440000e-01  1.527356e+00  1.527761e+00  -4.052381e-04 
2.450000e-01  1.528494e+00  1.528811e+00  -3.167999e-04 
2.460000e-01  1.551655e+00  1.551921e+00  -2.666196e-04 
2.470000e-01  1.580308e+00  1.580729e+00  -4.206103e-04 
2.480000e-01  1.597430e+00  1.597616e+00  -1.857693e-04 
2.490000e-01  1.625439e+00  1.625612e+00  -1.731303e-04 
2.500000e-01  1.600697e+00  1.600966e+00  -2.691785e-04 
2.510000e-01  1.582468e+00  1.582928e+00  -4.601893e-04 
2.520000e-01  1.546387e+00  1.546600e+00  -2.130731e-04 
2.530000e-01  1.549992e+00  1.550851e+00  -8.588840e-04 
2.540000e-01  1.558172e+00  1.558823e+00  -6.508623e-04 
2.550000e-01  1.573967e+00  1.574761e+00  -7.937882e-04 
2.560000e-01  1.551227e+00  1.551600e+00  -3.731029e-04 
2.570000e-01  1.518102e+00  1.518186e+00  -8.393445e-05 
2.580000e-01  1.516588e+00  1.517248e+00  -6.594848e-04 
2.590000e-01  1.531837e+00  1.532621e+00  -7.838862e-04 
2.600000e-01  1.521624e+00  1.522388e+00  -7.637065e-04 
2.610000e-01  1.525625e+00  1.525858e+00  -2.331107e-04 
2.620000e-01  1.487218e+00  1.487812e+00  -5.936976e-04 
2.630000e-01  1.446604e+00  1.447349e+00  -7.445299e-04 
2.640000e-01  1.466187e+00  1.467034e+00  -8.464972e-04 
2.650000e-01  1.472182e+00  1.473198e+00  -1.016311e-03 
2.660000e-01  1.388313e+00  1.389378e+00  -1.065061e-03 
2.670000e-01  1.363838e+00  1.365003e+00  -1.165771e-03 
2.680000e-01  1.408602e+00  1.409726e+00  -1.123482e-03 
2.690000e-01  1.395821e+00  1.396432e+00  -6.109590e-04 
2.700000e-01  1.404761e+00  1.405629e+00  -8.679427e-04 
2.710000e-01  1.362224e+00  1.363436e+00  -1.211860e-03 
2.720000e-01  1.367403e+00  1.368892e+00  -1.489442e-03 
2.730000e-01  1.345533e+00  1.347268e+00  -1.734668e-03 
2.740000e-01  1.348834e+00  1.350712e+00  -1.877495e-03 
2.750000e-01  1.429146e+00  1.430779e+00  -1.633647e-03 
2.760000e-01  1.420768e+00  1.422314e+00  -1.546271e-03 
2.770000e-01  1.450430e+00  1.452107e+00  -1.677172e-03 
2.780000e-01  1.437405e+00  1.439194e+00  -1.789677e-03 
2.790000e-01  1.436057e+00  1.438053e+00  -1.995223e-03 
2.800000e-01  1.366354e+00  1.368131e+00  -1.777119e-03 
2.810000e-01  1.353153e+00  1.354818e+00  -1.664508e-03 
2.820000e-01  1.326887e+00  1.328737e+00  -1.849942e-03 
2.830000e-01  1.341793e+00  1.343540e+00  -1.746892e-03 
2.840000e-01  1.366994e+00  1.369078e+00  -2.083907e-03 
2.850000e-01  1.360311e+00  1.362369e+00  -2.057380e-03 
2.860000e-01  1.401481e+00  1.403087e+00  -1.606120e-03 
2.870000e-01  1.386949e+00  1.388799e+00  -1.849905e-03 
2.880000e-01  1.388755e+00  1.390317e+00  -1.561836e-03 
2.890000e-01  1.430624e+00  1.431963e+00  -1.338611e-03 
2.900000e-01  1.418910e+00  1.420044e+00  -1.134455e-03 
2.910000e-01  1.370337e+00  1.371782e+00  -1.444464e-03 
2.920000e-01  1.372211e+00  1.373574e+00  -1.363688e-03 
2.930000e-01  1.421037e+00  1.422356e+00  -1.319202e-03 
2.940000e-01  1.398072e+00  1.399520e+00  -1.447999e-03 
2.950000e-01  1.383653e+00  1.385132e+00  -1.479038e-03 
2.960000e-01  1.396717e+00  1.397761e+00  -1.044105e-03 
2.970000e-01  1.381960e+00  1.383119e+00  -1.159394e-03 
2.980000e-01  1.409424e+00  1.410258e+00  -8.332100e-04 
2.990000e-01  1.461865e+00  1.463044e+00  -1.178452e-03 
3.000000e-01  1.426726e+00  1.428115e+00  -1.389625e-03 
3.010000e-01  1.437410e+00  1.438839e+00  -1.428783e-03 
3.020000e-01  1.446573e+00  1.448097e+00  -1.524523e-03 
3.030000e-01  1.470324e+00  1.472079e+00  -1.754856e-03 
3.040000e-01  1.521131e+00  1.522635e+00  -1.504727e-03 
3.050000e-01  1.545707e+00  1.547107e+00  -1.400060e-03 
3.060000e-01  1.566518e+00  1.567461e+00  -9.428423e-04 
3.070000e-01  1.609935e+00  1.610664e+00  -7.285444e-04 
3.080000e-01  1.570851e+00  1.571354e+00  -5.024522e-04 
3.090000e-01  1.578062e+00  1.578913e+00  -8.512799e-04 
3.100000e-01  1.532278e+00  1.532836e+00  -5.580021e-04 
3.110000e-01  1.579846e+00  1.580780e+00  -9.335904e-04 
3.120000e-01  1.643495e+00  1.644037e+00  -5.422348e-04 
3.130000e-01  1.665816e+00  1.666461e+00  -6.453734e-04 
3.140000e-01  1.644555e+00  1.644951e+00  -3.954881e-04 
3.150000e-01  1.647680e+00  1.647681e+00  -1.250389e-06 
3.160000e-01  1.640282e+00  1.640156e+00  1.262886e-04 
3.170000e-01  1.641451e+00  1.641063e+00  3.879302e-04 
3.180000e-01  1.661713e+00  1.661076e+00  6.375476e-04 
3.190000e-01  1.655612e+00  1.654269e+00  1.342780e-03 
3.200000e-01  1.691794e+00  1.690273e+00  1.521028e-03 
3.210000e-01  1.707652e+00  1.705619e+00  2.033329e-03 
3.220000e-01  1.708409e+00  1.706496e+00  1.912715e-03 
3.230000e-01  1.682405e+00  1.680443e+00  1.962368e-03 
3.240000e-01  1.658810e+00  1.657002e+00  1.808602e-03 
3.250000e-01  1.638028e+00  1.636752e+00  1.276489e-03 
3.260000e-01  1.636844e+00  1.635427e+00  1.416426e-03 
3.270000e-01  1.663683e+00  1.661985e+00  1.698081e-03 
3.280000e-01  1.649283e+00  1.647584e+00  1.698274e-03 
3.290000e-01  1.620494e+00  1.618955e+00  1.539479e-03 
3.300000e-01  1.616182e+00  1.614235e+00  1.947340e-03 
3.310000e-01  1.550398e+00  1.548322e+00  2.076276e-03 
3.320000e-01  1.588329e+00  1.586376e+00  1.953147e-03 
3.330000e-01  1.639601e+00  1.637513e+00  2.087589e-03 
3.340000e-01  1.644537e+00  1.642323e+00  2.214528e-03 
3.350000e-01  1.644843e+00  1.642540e+00  2.303683e-03 
3.360000e-01  1.660437e+00  1.658743e+00  1.693888e-03 
3.370000e-01  1.678577e+00  1.677097e+00  1.479871e-03 
3.380000e-01  1.686247e+00  1.684984e+00  1.262617e-03 
3.390000e-01  1.718402e+00  1.717340e+00  1.061873e-03 
3.400000e-01  1.692966e+00  1.692621e+00  3.448521e-04 
3.410000e-01  1.723937e+00  1.723619e+00  3.184256e-04 
3.420000e-01  1.699457e+00  1.699015e+00  4.417199e-04 
3.430000e-01  1.716283e+00  1.715760e+00  5.229851e-04 
3.440000e-01  1.712831e+00  1.712358e+00  4.727568e-04 
3.450000e-01  1.667339e+00  1.666952e+00  3.867431e-04 
3.460000e-01  1.697168e+00  1.696866e+00  3.023909e-04 
3.470000e-01  1.710111e+00  1.709780e+00  3.308065e-04 
3.480000e-01  1.705062e+00  1.704866e+00  1.955876e-04 
3.490000e-01  1.728961e+00  1.728486e+00  4.751568e-04 
3.500000e-01  1.723954e+00  1.723132e+00  8.218808e-04 
3.510000e-01  1.717961e+00  1.716992e+00  9.689506e-04 
3.520000e-01  1.705321e+00  1.704735e+00  5.865344e-04 
3.530000e-01  1.690502e+00  1.689989e+00  5.129416e-04 
3.540000e-01  1.761214e+00  1.761023e+00  1.915139e-04 
3.550000e-01  1.742990e+00  1.742598e+00  3.922425e-04 
3.560000e-01  1.705986e+00  1.705499e+00  4.873987e-04 
3.570000e-01  1.701879e+00  1.701570e+00  3.094638e-04 
3.580000e-01  1.696052e+00  1.695454e+00  5.977540e-04 
3.590000e-01  1.754597e+00  1.753708e+00  8.886819e-04 
3.600000e-01  1.801496e+00  1.800279e+00  1.217410e-03 
3.610000e-01  1.836589e+00  1.835171e+00  1.417897e-03 
3.620000e-01  1.814090e+00  1.812687e+00  1.402957e-03 
3.630000e-01  1.799488e+00  1.798220e+00  1.267852e-03 
3.640000e-01  1.765393e+00  1.764390e+00  1.002950e-03 
3.650000e-01  1.815093e+00  1.814283e+00  8.098348e-04 
3.660000e-01  1.748634e+00  1.748196e+00  4.389024e-04 
3.670000e-01  1.767640e+00  1.767403e+00  2.372339e-04 
3.680000e-01  1.840933e+00  1.840609e+00  3.234713e-04 
3.690000e-01  1.822868e+00  1.822334e+00  5.340375e-04 
3.700000e-01  1.896253e+00  1.895454e+00  7.994688e-04 
3.710000e-01  1.854027e+00  1.853819e+00  2.083084e-04 
3.720000e-01  1.832419e+00  1.832247e+00  1.722429e-04 
3.730000e-01  1.762516e+00  1.762139e+00  3.774299e-04 
3.740000e-01  1.740280e+00  1.740771e+00  -4.913367e-04 
3.750000e-01  1.699452e+00  1.699412e+00  3.983789e-05 
3.760000e-01  1.737107e+00  1.737547e+00  -4.403954e-04 
3.770000e-01  1.762000e+00  1.762296e+00  -2.956992e-04 
3.780000e-01  1.761840e+00  1.761908e+00  -6.797951e-05 
3.790000e-01  1.798073e+00  1.798522e+00  -4.492277e-04 
3.800000e-01  1.852640e+00  1.853014e+00  -3.737856e-04 
3.810000e-01  1.900953e+00  1.900835e+00  1.185682e-04 
3.820000e-01  1.968141e+00  1.967604e+00  5.369202e-04 
3.830000e-01  1.964191e+00  1.964175e+00  1.587096e-05 
3.840000e-01  1.944666e+00  1.944966e+00  -2.999182e-04 
3.850000e-01  1.966960e+00  1.967030e+00  -7.059344e-05 
3.860000e-01  1.977118e+00  1.976609e+00  5.087194e-04 
3.870000e-01  2.019752e+00  2.018847e+00  9.054107e-04 
3.880000e-01  2.001051e+00  2.000006e+00  1.044403e-03 
3.890000e-01  1.968638e+00  1.967836e+00  8.028790e-04 
3.900000e-01  1.948255e+00  1.946966e+00  1.288914e-03 
3.910000e-01  1.951316e+00  1.949638e+00  1.677786e-03 
3.920000e-01  1.924880e+00  1.923669e+00  1.211321e-03 
3.930000e-01  1.925119e+00  1.923684e+00  1.435244e-03 
3.940000e-01  1.914113e+00  1.913069e+00  1.043961e-03 
3.950000e-01  1.928376e+00  1.927624e+00  7.524462e-04 
3.960000e-01  1.932727e+00  1.932840e+00  -1.128322e-04 
3.970000e-01  1.945871e+00  1.945654e+00  2.170032e-04 
3.980000e-01  1.952700e+00  1.952557e+00  1.434018e-04 
3.990000e-01  1.914669e+00  1.914239e+00  4.305644e-04 
4.000000e-01  1.916158e+00  1.915145e+00  1.013092e-03 
4.010000e-01  1.909127e+00  1.908453e+00  6.735407e-04 
4.020000e-01  1.895378e+00  1.894931e+00  4.471380e-04 
4.030000e-01  1.921419e+00  1.920661e+00  7.583491e-04 
4.040000e-01  1.913883e+00  1.913820e+00  6.330900e-05 
4.050000e-01  1.882061e+00  1.882195e+00  -1.336957e-04 
4.060000e-01  1.909327e+00  1.909734e+00  -4.065860e-04 
4.070000e-01  1.889457e+00  1.890308e+00  -8.514985e-04 
4.080000e-01  1.865255e+00  1.866012e+00  -7.577952e-04 
4.090000e-01  1.906933e+00  1.907688e+00  -7.546585e-04 
4.100000e-01  1.901084e+00  1.901886e+00  -8.027977e-04 
4.110000e-01  1.972074e+00  1.972897e+00  -8.230395e-04 
4.120000e-01  1.981250e+00  1.981356e+00  -1.058694e-04 
4.130000e-01  1.987267e+00  1.987554e+00  -2.867923e-04 
4.140000e-01  2.020862e+00  2.021294e+00  -4.324259e-04 
4.150000e-01  2.010792e+00  2.010675e+00  1.171167e-04 
4.160000e-01  1.930122e+00  1.930312e+00  -1.908860e-04 
4.170000e-01  1.967485e+00  1.967259e+00  2.262475e-04 
4.180000e-01  1.978673e+00  1.978675e+00  -1.986276e-06 
4.190000e-01  1.955888e+00  1.955925e+00  -3.677538e-05 
4.200000e-01  1.960965e+00  1.961182e+00  -2.168207e-04 
4.210000e-01  1.988702e+00  1.988824e+00  -1.225506e-04 
4.220000e-01  1.976626e+00  1.976701e+00  -7.560795e-05 
4.230000e-01  1.974927e+00  1.974271e+00  6.559573e-04 
4.240000e-01  2.000635e+00  2.000509e+00  1.259806e-04 
4.250000e-01  1.967240e+00  1.967432e+00  -1.912866e-04 
4.260000e-01  1.980077e+00  1.980270e+00  -1.927393e-04 
4.270000e-01  1.941416e+00  1.941520e+00  -1.038907e-04 
4.280000e-01  1.975701e+00  1.976122e+00  -4.203063e-04 
4.290000e-01  1.956076e+00  1.956831e+00  -7.544581e-04 
4.300000e-01  1.962419e+00  1.963622e+00  -1.203247e-03 
4.310000e-01  1.919998e+00  1.921302e+00  -1.304063e-03 
4.320000e-01  1.888180e+00  1.889194e+00  -1.013716e-03 
4.330000e-01  1.835194e+00  1.836285e+00  -1.090176e-03 
4.340000e-01  1.853741e+00  1.855286e+00  -1.544291e-03 
4.350000e-01  1.891923e+00  1.893820e+00  -1.897616e-03 
4.360000e-01  1.912960e+00  1.914903e+00  -1.942835e-03 
4.370000e-01  1.870491e+00  1.872363e+00  -1.872611e-03 
4.380000e-01  1.903314e+00  1.905236e+00  -1.921217e-03 
4.390000e-01  1.892761e+00  1.894337e+00  -1.575655e-03 
4.400000e-01  1.920664e+00  1.922036e+00  -1.371567e-03 
4.410000e-01  1.885684e+00  1.887269e+00  -1.585418e-03 
4.420000e-01  1.899303e+00  1.900949e+00  -1.646455e-03 
4.430000e-01  1.953143e+00  1.954896e+00  -1.752972e-03 
4.440000e-01  1.972877e+00  1.974547e+00  -1.669804e-03 
4.450000e-01  1.989519e+00  1.990862e+00  -1.342691e-03 
4.460000e-01  1.913023e+00  1.914618e+00  -1.595276e-03 
4.470000e-01  1.928728e+00  1.930608e+00  -1.879416e-03 
4.480000e-01  1.964570e+00  1.965985e+00  -1.414905e-03 
4.490000e-01  1.943229e+00  1.944591e+00  -1.361819e-03 
4.500000e-01  1.920254e+00  1.921931e+00  -1.676677e-03 
4.510000e-01  1.854138e+00  1.856260e+00  -2.121942e-03 
4.520000e-01  1.895718e+00  1.897957e+00  -2.238847e-03 
4.530000e-01  1.873835e+00  1.875974e+00  -2.139001e-03 
4.540000e-01  1.905129e+00  1.907283e+00  -2.153761e-03 
4.550000e-01  1.954307e+00  1.956057e+00  -1.749770e-03 
4.560000e-01  2.005599e+00  2.006853e+00  -1.254317e-03 
4.570000e-01  1.996069e+00  1.997176e+00  -1.107204e-03 
4.580000e-01  1.963518e+00  1.964888e+00  -1.369830e-03 
4.590000e-01  1.957327e+00  1.958982e+00  -1.654834e-03 
4.600000e-01  1.963769e+00  1.964999e+00  -1.230744e-03 
4.610000e-01  1.953366e+00  1.954403e+00  -1.037743e-03 
4.620000e-01  1.981131e+00  1.982071e+00  -9.392791e-04 
4.630000e-01  1.933866e+00  1.935080e+00  -1.214586e-03 
4.640000e-01  1.903251e+00  1.904763e+00  -1.512782e-03 
4.650000e-01  1.875131e+00  1.876795e+00  -1.663824e-03 
4.660000e-01  1.806390e+00  1.807847e+00  -1.457026e-03 
4.670000e-01  1.830061e+00  1.831325e+00  -1.264930e-03 
4.680000e-01  1.842258e+00  1.843085e+00  -8.268960e-04 
4.690000e-01  1.864327e+00  1.864350e+00  -2.365473e-05 
4.700000e-01  1.867744e+00  1.867536e+00  2.074518e-04 
4.710000e-01  1.870487e+00  1.870596e+00  -1.084975e-04 
4.720000e-01  1.890684e+00  1.890588e+00  9.581829e-05 
4.730000e-01  2.000694e+00  2.000961e+00  -2.664721e-04 
4.740000e-01  1.972506e+00  1.972627e+00  -1.215652e-04 
4.750000e-01  2.037803e+00  2.037568e+00  2.356767e-04 
4.760000e-01  2.062850e+00  2.062308e+00  5.426695e-04 
4.770000e-01  2.041081e+00  2.040590e+00  4.906680e-04 
4.780000e-01  2.064192e+00  2.063448e+00  7.439831e-04 
4.790000e-01  2.068803e+00  2.067444e+00  1.358826e-03 
4.800000e-01  2.073093e+00  2.071742e+00  1.351794e-03 
4.810000e-01  2.029653e+00  2.027554e+00  2.099179e-03 
4.820000e-01  2.025939e+00  2.023303e+00  2.636049e-03 
4.830000e-01  2.025678e+00  2.023005e+00  2.673066e-03 
4.840000e-01  2.001463e+00  1.998708e+00  2.755005e-03 
4.850000e-01  2.014244e+00  2.011557e+00  2.687033e-03 
4.860000e-01  2.080250e+00  2.078060e+00  2.190336e-03 
4.870000e-01  2.086001e+00  2.083611e+00  2.389907e-03 
4.880000e-01  2.047170e+00  2.045041e+00  2.129397e-03 
4.890000e-01  2.021047e+00  2.019273e+00  1.774173e-03 
4.900000e-01  2.033580e+00  2.032012e+00  1.568120e-03 
4.910000e-01  1.964583e+00  1.962744e+00  1.838906e-03 
4.920000e-01  1.955877e+00  1.954363e+00  1.514569e-03 
4.930000e-01  1.969853e+00  1.968101e+00  1.751940e-03 
4.940000e-01  1.966392e+00  1.965602e+00  7.890950e-04 
4.950000e-01  1.953119e+00  1.952806e+00  3.127263e-04 
4.960000e-01  1.986631e+00  1.986065e+00  5.658378e-04 
4.970000e-01  2.025446e+00  2.024571e+00  8.748614e-04 
4.980000e-01  2.013085e+00  2.011894e+00  1.191369e-03 
4.990000e-01  2.003504e+00  2.002674e+00  8.306859e-04 
5.000000e-01  1.994705e+00  1.993828e+00  8.762432e-04 
5.010000e-01  2.002669e+00  2.002019e+00  6.495994e-04 
5.020000e-01  2.002432e+00  2.002080e+00  3.520368e-04 
5.030000e-01  2.042774e+00  2.042435e+00  3.391174e-04 
5.040000e-01  2.081603e+00  2.081453e+00  1.502423e-04 
5.050000e-01  2.070902e+00  2.070563e+00  3.386919e-04 
5.060000e-01  2.086890e+00  2.087176e+00  -2.859943e-04 
5.070000e-01  2.085575e+00  2.086339e+00  -7.637316e-04 
5.080000e-01  2.103315e+00  2.104032e+00  -7.173570e-04 
5.090000e-01  2.140282e+00  2.141285e+00  -1.002889e-03 
5.100000e-01  2.089798e+00  2.090292e+00  -4.938245e-04 
5.110000e-01  2.095728e+00  2.096527e+00  -7.989170e-04 
5.120000e-01  2.068413e+00  2.069884e+00  -1.470924e-03 
5.130000e-01  2.037667e+00  2.039552e+00  -1.885195e-03 
5.140000e-01  2.036296e+00  2.038521e+00  -2.225155e-03 
5.150000e-01  2.047094e+00  2.050076e+00  -2.982288e-03 
5.160000e-01  2.026162e+00  2.028456e+00  -2.294374e-03 
5.170000e-01  2.047248e+00  2.049436e+00  -2.187199e-03 
5.180000e-01  2.074766e+00  2.077143e+00  -2.376347e-03 
5.190000e-01  2.100645e+00  2.102937e+00  -2.291642e-03 
5.200000e-01  2.067350e+00  2.070338e+00  -2.988078e-03 
5.210000e-01  2.016843e+00  2.019781e+00  -2.938283e-03 
5.220000e-01  1.973897e+00  1.977398e+00  -3.500258e-03 
5.230000e-01  1.987563e+00  1.991258e+00  -3.695255e-03 
5.240000e-01  1.987208e+00  1.990977e+00  -3.769025e-03 
5.250000e-01  1.999272e+00  2.002926e+00  -3.654397e-03 
5.260000e-01  1.975303e+00  1.978931e+00  -3.627529e-03 
5.270000e-01  1.982087e+00  1.986260e+00  -4.172890e-03 
5.280000e-01  1.999517e+00  2.004090e+00  -4.572780e-03 
5.290000e-01  2.014808e+00  2.019528e+00  -4.720138e-03 
5.300000e-01  1.996941e+00  2.001888e+00  -4.946110e-03 
5.310000e-01  2.011302e+00  2.016278e+00  -4.975455e-03 
5.320000e-01  2.007310e+00  2.012340e+00  -5.029264e-03 
5.330000e-01  1.977172e+00  1.982019e+00  -4.847086e-03 
5.340000e-01  1.951395e+00  1.955902e+00  -4.506401e-03 
5.350000e-01  2.004563e+00  2.009799e+00  -5.235617e-03 
5.360000e-01  2.051097e+00  2.056555e+00  -5.458402e-03 
5.370000e-01  2.042977e+00  2.048378e+00  -5.400847e-03 
5.380000e-01  2.067017e+00  2.071807e+00  -4.790329e-03 
5.390000e-01  2.029770e+00  2.034693e+00  -4.923280e-03 
5.400000e-01  2.046085e+00  2.050834e+00  -4.749234e-03 
5.410000e-01  2.100465e+00  2.105395e+00  -4.929654e-03 
5.420000e-01  2.065062e+00  2.070021e+00  -4.958972e-03 
5.430000e-01  2.134495e+00  2.139336e+00  -4.841159e-03 
5.440000e-01  2.174987e+00  2.180067e+00  -5.080285e-03 
5.450000e-01  2.209728e+00  2.214577e+00  -4.848540e-03 
5.460000e-01  2.262112e+00  2.267364e+00  -5.252344e-03 
5.470000e-01  2.222390e+00  2.227945e+00  -5.555529e-03 
5.480000e-01  2.222283e+00  2.226897e+00  -4.614413e-03 
5.490000e-01  2.199672e+00  2.205011e+00  -5.338902e-03 
5.500000e-01  2.148427e+00  2.153637e+00  -5.209788e-03 
5.510000e-01  2.122067e+00  2.127085e+00  -5.018575e-03 
5.520000e-01  2.116465e+00  2.122028e+00  -5.563689e-03 
5.530000e-01  2.121981e+00  2.128106e+00  -6.124744e-03 
5.540000e-01  2.128625e+00  2.134435e+00  -5.809666e-03 
5.550000e-01  2.138443e+00  2.144651e+00  -6.208522e-03 
5.560000e-01  2.182605e+00  2.189600e+00  -6.995371e-03 
5.570000e-01  2.171579e+00  2.178462e+00  -6.882530e-03 
5.580000e-01  2.139663e+00  2.146313e+00  -6.649763e-03 
5.590000e-01  2.116567e+00  2.122503e+00  -5.935786e-03 
5.600000e-01  2.044839e+00  2.051037e+00  -6.197735e-03 
5.610000e-01  2.011730e+00  2.017951e+00  -6.221405e-03 
5.620000e-01  2.035639e+00  2.042169e+00  -6.530394e-03 
5.630000e-01  2.044278e+00  2.050763e+00  -6.485717e-03 
5.640000e-01  2.054688e+00  2.060482e+00  -5.793435e-03 
5.650000e-01  2.046162e+00  2.052610e+00  -6.447882e-03 
5.660000e-01  1.988590e+00  1.994905e+00  -6.314900e-03 
5.670000e-01  2.010361e+00  2.016331e+00  -5.970489e-03 
5.680000e-01  2.012143e+00  2.018261e+00  -6.117811e-03 
5.690000e-01  2.005468e+00  2.011602e+00  -6.133942e-03 
5.700000e-01  2.001225e+00  2.007388e+00  -6.163311e-03 
5.710000e-01  1.990837e+00  1.997265e+00  -6.428314e-03 
5.720000e-01  2.043746e+00  2.050688e+00  -6.941398e-03 
5.730000e-01  2.070503e+00  2.077505e+00  -7.001664e-03 
5.740000e-01  2.073624e+00  2.080537e+00  -6.913432e-03 
5.750000e-01  2.089482e+00  2.096119e+00  -6.636519e-03 
5.760000e-01  2.101406e+00  2.108224e+00  -6.817567e-03 
5.770000e-01  2.084719e+00  2.092056e+00  -7.337596e-03 
5.780000e-01  2.094800e+00  2.102299e+00  -7.499674e-03 
5.790000e-01  2.067445e+00  2.075394e+00  -7.948561e-03 
5.800000e-01  2.019438e+00  2.027296e+00  -7.857223e-03 
5.810000e-01  1.979941e+00  1.987651e+00  -7.710109e-03 
5.820000e-01  1.935913e+00  1.943963e+00  -8.049756e-03 
5.830000e-01  1.945636e+00  1.953811e+00  -8.174482e-03 
5.840000e-01  1.953343e+00  1.961669e+00  -8.326021e-03 
5.850000e-01  1.878566e+00  1.886669e+00  -8.103113e-03 
5.860000e-01  1.945476e+00  1.953148e+00  -7.672133e-03 
5.870000e-01  1.940149e+00  1.947199e+00  -7.050902e-03 
5.880000e-01  1.917306e+00  1.924444e+00  -7.137786e-03 
5.890000e-01  1.960003e+00  1.966980e+00  -6.977079e-03 
5.900000e-01  1.946861e+00  1.953910e+00  -7.048499e-03 
5.910000e-01  1.961928e+00  1.968570e+00  -6.641568e-03 
5.920000e-01  1.990676e+00  1.997142e+00  -6.465362e-03 
5.930000e-01  2.030678e+00  2.037085e+00  -6.407201e-03 
5.940000e-01  2.012374e+00  2.018915e+00  -6.540155e-03 
5.950000e-01  2.028723e+00  2.035210e+00  -6.486665e-03 
5.960000e-01  2.008414e+00  2.014575e+00  -6.160663e-03 
5.970000e-01  2.031164e+00  2.037542e+00  -6.377661e-03 
5.980000e-01  1.974453e+00  1.980723e+00  -6.270704e-03 
5.990000e-01  2.005226e+00  2.012309e+00  -7.083040e-03 
6.000000e-01  1.993663e+00  2.000817e+00  -7.153688e-03 
6.010000e-01  1.940531e+00  1.946982e+00  -6.450593e-03 
6.020000e-01  1.933741e+00  1.940740e+00  -6.998840e-03 
6.030000e-01  1.942730e+00  1.949600e+00  -6.870541e-03 
6.040000e-01  1.965235e+00  1.972120e+00  -6.884991e-03 
6.050000e-01  2.033736e+00  2.040517e+00  -6.781020e-03 
6.060000e-01  2.020997e+00  2.027721e+00  -6.723648e-03 
6.070000e-01  2.026801e+00  2.033379e+00  -6.578490e-03 
6.080000e-01  2.038004e+00  2.044526e+00  -6.521455e-03 
6.090000e-01  2.034852e+00  2.041530e+00  -6.678035e-03 
6.100000e-01  2.027407e+00  2.034233e+00  -6.826168e-03 
6.110000e-01  2.024862e+00  2.031855e+00  -6.992568e-03 
6.120000e-01  2.060641e+00  2.067397e+00  -6.756307e-03 
6.130000e-01  2.115486e+00  2.122037e+00  -6.550860e-03 
6.140000e-01  2.120311e+00  2.126384e+00  -6.072563e-03 
6.150000e-01  2.100091e+00  2.106112e+00  -6.020395e-03 
6.160000e-01  2.124128e+00  2.130210e+00  -6.082435e-03 
6.170000e-01  2.083792e+00  2.090216e+00  -6.424301e-03 
6.180000e-01  2.060297e+00  2.066438e+00  -6.140964e-03 
6.190000e-01  2.078051e+00  2.084030e+00  -5.979140e-03 
6.200000e-01  2.086408e+00  2.092005e+00  -5.597006e-03 
6.210000e-01  2.105440e+00  2.111006e+00  -5.566173e-03 
6.220000e-01  2.124541e+00  2.130232e+00  -5.691175e-03 
6.230000e-01  2.152080e+00  2.158067e+00  -5.987859e-03 
6.240000e-01  2.179559e+00  2.185801e+00  -6.242122e-03 
6.250000e-01  2.177099e+00  2.182890e+00  -5.791538e-03 
6.260000e-01  2.210359e+00  2.216408e+00  -6.049079e-03 
6.270000e-01  2.242289e+00  2.248347e+00  -6.058020e-03 
6.280000e-01  2.203202e+00  2.209858e+00  -6.656326e-03 
6.290000e-01  2.211260e+00  2.218052e+00  -6.792524e-03 
6.300000e-01  2.192466e+00  2.199269e+00  -6.803220e-03 
6.310000e-01  2.190850e+00  2.198560e+00  -7.709900e-03 
6.320000e-01  2.185614e+00  2.192940e+00  -7.326575e-03 
6.330000e-01  2.212766e+00  2.220693e+00  -7.927005e-03 
6.340000e-01  2.227261e+00  2.236005e+00  -8.743383e-03 
6.350000e-01  2.226375e+00  2.234827e+00  -8.452191e-03 
6.360000e-01  2.215906e+00  2.223992e+00  -8.085929e-03 
6.370000e-01  2.145690e+00  2.153785e+00  -8.095092e-03 
6.380000e-01  2.122351e+00  2.130711e+00  -8.360626e-03 
6.390000e-01  2.081695e+00  2.090000e+00  -8.305281e-03 
6.400000e-01  2.092980e+00  2.101035e+00  -8.054805e-03 
6.410000e-01  2.077641e+00  2.085257e+00  -7.615491e-03 
6.420000e-01  2.006331e+00  2.014078e+00  -7.746764e-03 
6.430000e-01  1.998925e+00  2.006270e+00  -7.344679e-03 
6.440000e-01  1.999496e+00  2.006360e+00  -6.863539e-03 
6.450000e-01  1.976623e+00  1.983355e+00  -6.731944e-03 
6.460000e-01  1.977251e+00  1.984074e+00  -6.822576e-03 
6.470000e-01  1.953930e+00  1.961059e+00  -7.129747e-03 
6.480000e-01  1.892499e+00  1.899481e+00  -6.981540e-03 
6.490000e-01  1.938504e+00  1.945509e+00  -7.004878e-03 
6.500000e-01  1.890974e+00  1.898155e+00  -7.180534e-03 
6.510000e-01  1.868989e+00  1.876104e+00  -7.114924e-03 
6.520000e-01  1.844147e+00  1.851293e+00  -7.145584e-03 
6.530000e-01  1.889342e+00  1.895805e+00  -6.463467e-03 
6.540000e-01  1.905082e+00  1.911497e+00  -6.415381e-03 
6.550000e-01  1.852817e+00  1.859246e+00  -6.428831e-03 
6.560000e-01  1.878254e+00  1.884990e+00  -6.735984e-03 
6.570000e-01  1.813255e+00  1.819651e+00  -6.395831e-03 
6.580000e-01  1.767933e+00  1.774736e+00  -6.802324e-03 
6.590000e-01  1.808855e+00  1.815872e+00  -7.017418e-03 
6.600000e-01  1.778823e+00  1.785599e+00  -6.775187e-03 
6.610000e-01  1.759175e+00  1.766001e+00  -6.825860e-03 
6.620000e-01  1.784396e+00  1.791911e+00  -7.514898e-03 
6.630000e-01  1.754512e+00  1.762094e+00  -7.581706e-03 
6.640000e-01  1.747926e+00  1.755432e+00  -7.505477e-03 
6.650000e-01  1.724160e+00  1.732151e+00  -7.990731e-03 
6.660000e-01  1.685649e+00  1.694088e+00  -8.439382e-03 
6.670000e-01  1.735256e+00  1.743294e+00  -8.038907e-03 
6.680000e-01  1.719571e+00  1.727838e+00  -8.267043e-03 
6.690000e-01  1.701732e+00  1.709403e+00  -7.671502e-03 
6.700000e-01  1.725805e+00  1.733457e+00  -7.651985e-03 
6.710000e-01  1.739871e+00  1.747554e+00  -7.683901e-03 
6.720000e-01  1.740364e+00  1.748315e+00  -7.950975e-03 
6.730000e-01  1.710869e+00  1.719055e+00  -8.185842e-03 
6.740000e-01  1.718491e+00  1.726626e+00  -8.134946e-03 
6.750000e-01  1.781655e+00  1.789999e+00  -8.343848e-03 
6.760000e-01  1.794778e+00  1.802335e+00  -7.557712e-03 
6.770000e-01  1.734993e+00  1.741833e+00  -6.840395e-03 
6.780000e-01  1.768077e+00  1.774578e+00  -6.501089e-03 
6.790000e-01  1.764749e+00  1.771643e+00  -6.893605e-03 
6.800000e-01  1.719719e+00  1.726273e+00  -6.553373e-03 
6.810000e-01  1.690112e+00  1.696918e+00  -6.806043e-03 
6.820000e-01  1.664348e+00  1.670486e+00  -6.137354e-03 
6.830000e-01  1.702856e+00  1.708755e+00  -5.899665e-03 
6.840000e-01  1.687770e+00  1.693741e+00  -5.970891e-03 
6.850000e-01  1.648247e+00  1.654246e+00  -5.999294e-03 
6.860000e-01  1.606902e+00  1.613173e+00  -6.271421e-03 
6.870000e-01  1.631310e+00  1.636816e+00  -5.506000e-03 
6.880000e-01  1.644683e+00  1.650208e+00  -5.524804e-03 
6.890000e-01  1.598543e+00  1.603706e+00  -5.162680e-03 
6.900000e-01  1.555956e+00  1.561396e+00  -5.439564e-03 
6.910000e-01  1.506020e+00  1.511210e+00  -5.189956e-03 
6.920000e-01  1.566416e+00  1.571682e+00  -5.266487e-03 
6.930000e-01  1.574521e+00  1.579868e+00  -5.346763e-03 
6.940000e-01  1.593073e+00  1.598568e+00  -5.495032e-03 
6.950000e-01  1.609254e+00  1.615110e+00  -5.855729e-03 
6.960000e-01  1.599556e+00  1.605619e+00  -6.062772e-03 
6.970000e-01  1.628188e+00  1.634314e+00  -6.125618e-03 
6.980000e-01  1.599918e+00  1.606501e+00  -6.583025e-03 
6.990000e-01  1.631562e+00  1.638455e+00  -6.892526e-03 
7.000000e-01  1.598747e+00  1.605463e+00  -6.715214e-03 
7.010000e-01  1.657599e+00  1.664391e+00  -6.791750e-03 
7.020000e-01  1.672262e+00  1.678534e+00  -6.271345e-03 
7.030000e-01  1.696247e+00  1.702666e+00  -6.419519e-03 
7.040000e-01  1.686262e+00  1.692590e+00  -6.328586e-03 
7.050000e-01  1.611409e+00  1.618006e+00  -6.596958e-03 
7.060000e-01  1.576064e+00  1.582945e+00  -6.881454e-03 
7.070000e-01  1.588215e+00  1.595082e+00  -6.867372e-03 
7.080000e-01  1.600325e+00  1.607409e+00  -7.083737e-03 
7.090000e-01  1.565132e+00  1.572261e+00  -7.129584e-03 
7.100000e-01  1.553757e+00  1.560892e+00  -7.134410e-03 
7.110000e-01  1.581165e+00  1.588389e+00  -7.223849e-03 
7.120000e-01  1.586998e+00  1.593700e+00  -6.702774e-03 
7.130000e-01  1.584749e+00  1.591293e+00  -6.543767e-03 
7.140000e-01  1.607772e+00  1.614040e+00  -6.267160e-03 
7.150000e-01  1.567846e+00  1.574055e+00  -6.208506e-03 
7.160000e-01  1.569334e+00  1.575456e+00  -6.121611e-03 
7.170000e-01  1.513433e+00  1.519148e+00  -5.715398e-03 
7.180000e-01  1.466157e+00  1.472163e+00  -6.005862e-03 
7.190000e-01  1.427629e+00  1.433658e+00  -6.028346e-03 
7.200000e-01  1.434630e+00  1.440646e+00  -6.016279e-03 
7.210000e-01  1.422111e+00  1.428346e+00  -6.235550e-03 
7.220000e-01  1.413978e+00  1.420532e+00  -6.553859e-03 
7.230000e-01  1.451558e+00  1.458767e+00  -7.208661e-03 
7.240000e-01  1.427838e+00  1.435182e+00  -7.343927e-03 
7.250000e-01  1.445530e+00  1.452855e+00  -7.325676e-03 
7.260000e-01  1.481011e+00  1.488284e+00  -7.273181e-03 
7.270000e-01  1.572350e+00  1.579865e+00  -7.515046e-03 
7.280000e-01  1.531174e+00  1.539161e+00  -7.986403e-03 
7.290000e-01  1.484677e+00  1.493418e+00  -8.741875e-03 
7.300000e-01  1.506529e+00  1.515808e+00  -9.278676e-03 
7.310000e-01  1.502086e+00  1.511504e+00  -9.417452e-03 
7.320000e-01  1.516668e+00  1.526391e+00  -9.723260e-03 
7.330000e-01  1.524577e+00  1.534215e+00  -9.638093e-03 
7.340000e-01  1.516946e+00  1.526536e+00  -9.590953e-03 
7.350000e-01  1.515589e+00  1.525269e+00  -9.679873e-03 
7.360000e-01  1.469373e+00  1.478721e+00  -9.347695e-03 
7.370000e-01  1.464481e+00  1.473841e+00  -9.359987e-03 
7.380000e-01  1.447081e+00  1.456706e+00  -9.625074e-03 
7.390000e-01  1.452087e+00  1.461620e+00  -9.532607e-03 
7.400000e-01  1.406998e+00  1.416677e+00  -9.678999e-03 
7.410000e-01  1.403933e+00  1.413210e+00  -9.277512e-03 
7.420000e-01  1.411207e+00  1.419888e+00  -8.680831e-03 
7.430000e-01  1.366477e+00  1.374826e+00  -8.349308e-03 
7.440000e-01  1.406216e+00  1.414459e+00  -8.243003e-03 
7.450000e-01  1.400522e+00  1.408602e+00  -8.080684e-03 
7.460000e-01  1.416683e+00  1.424313e+00  -7.629655e-03 
7.470000e-01  1.401133e+00  1.409253e+00  -8.119370e-03 
7.480000e-01  1.405777e+00  1.413496e+00  -7.719192e-03 
7.490000e-01  1.427932e+00  1.435363e+00  -7.431297e-03 
7.500000e-01  1.433229e+00  1.441005e+00  -7.776544e-03 
7.510000e-01  1.411869e+00  1.419501e+00  -7.631573e-03 
7.520000e-01  1.454626e+00  1.462257e+00  -7.630256e-03 
7.530000e-01  1.424128e+00  1.431849e+00  -7.721292e-03 
7.540000e-01  1.422053e+00  1.429927e+00  -7.873501e-03 
7.550000e-01  1.464534e+00  1.472303e+00  -7.769129e-03 
7.560000e-01  1.490098e+00  1.497736e+00  -7.637725e-03 
7.570000e-01  1.483998e+00  1.491633e+00  -7.635262e-03 
7.580000e-01  1.456737e+00  1.464146e+00  -7.408767e-03 
7.590000e-01  1.412010e+00  1.419328e+00  -7.318381e-03 
7.600000e-01  1.442801e+00  1.450232e+00  -7.431028e-03 
7.610000e-01  1.471884e+00  1.479307e+00  -7.422739e-03 
7.620000e-01  1.503990e+00  1.511201e+00  -7.210475e-03 
7.630000e-01  1.493543e+00  1.500215e+00  -6.672199e-03 
7.640000e-01  1.543090e+00  1.550040e+00  -6.950851e-03 
7.650000e-01  1.534717e+00  1.541525e+00  -6.807920e-03 
7.660000e-01  1.574793e+00  1.581426e+00  -6.632918e-03 
7.670000e-01  1.580846e+00  1.587339e+00  -6.492649e-03 
7.680000e-01  1.577514e+00  1.583980e+00  -6.465576e-03 
7.690000e-01  1.585648e+00  1.592062e+00  -6.413836e-03 
7.700000e-01  1.583980e+00  1.590279e+00  -6.298227e-03 
7.710000e-01  1.593236e+00  1.599172e+00  -5.936421e-03 
7.720000e-01  1.585876e+00  1.591406e+00  -5.529623e-03 
7.730000e-01  1.590223e+00  1.595726e+00  -5.503503e-03 
7.740000e-01  1.565693e+00  1.571270e+00  -5.576467e-03 
7.750000e-01  1.574786e+00  1.580157e+00  -5.371386e-03 
7.760000e-01  1.580066e+00  1.585298e+00  -5.232693e-03 
7.770000e-01  1.545060e+00  1.550372e+00  -5.311675e-03 
7.780000e-01  1.560732e+00  1.566464e+00  -5.731765e-03 
7.790000e-01  1.561547e+00  1.567486e+00  -5.938891e-03 
7.800000e-01  1.620021e+00  1.626223e+00  -6.201830e-03 
7.810000e-01  1.590227e+00  1.596098e+00  -5.871018e-03 
7.820000e-01  1.570314e+00  1.576183e+00  -5.868997e-03 
7.830000e-01  1.590232e+00  1.596167e+00  -5.934845e-03 
7.840000e-01  1.652716e+00  1.658688e+00  -5.971753e-03 
7.850000e-01  1.607745e+00  1.613405e+00  -5.659100e-03 
7.860000e-01  1.599990e+00  1.605544e+00  -5.554532e-03 
7.870000e-01  1.596139e+00  1.601608e+00  -5.468414e-03 
7.880000e-01  1.605267e+00  1.610183e+00  -4.916297e-03 
7.890000e-01  1.529776e+00  1.534537e+00  -4.760790e-03 
7.900000e-01  1.495571e+00  1.500223e+00  -4.651870e-03 
7.910000e-01  1.460418e+00  1.464892e+00  -4.474836e-03 
7.920000e-01  1.454110e+00  1.458632e+00  -4.522328e-03 
7.930000e-01  1.457421e+00  1.461878e+00  -4.457354e-03 
7.940000e-01  1.395838e+00  1.400155e+00  -4.316837e-03 
7.950000e-01  1.390935e+00  1.395451e+00  -4.515469e-03 
7.960000e-01  1.324158e+00  1.328369e+00  -4.210645e-03 
7.970000e-01  1.323392e+00  1.327796e+00  -4.404046e-03 
7.980000e-01  1.306895e+00  1.311593e+00  -4.698003e-03 
7.990000e-01  1.359163e+00  1.363277e+00  -4.113583e-03 
8.000000e-01  1.352044e+00  1.356224e+00  -4.180561e-03 
8.010000e-01  1.371723e+00  1.375915e+00  -4.192108e-03 
8.020000e-01  1.375234e+00  1.378752e+00  -3.517662e-03 
8.030000e-01  1.376094e+00  1.379896e+00  -3.802220e-03 
8.040000e-01  1.413138e+00  1.416869e+00  -3.730200e-03 
8.050000e-01  1.434526e+00  1.438350e+00  -3.824127e-03 
8.060000e-01  1.418011e+00  1.422304e+00  -4.292027e-03 
8.070000e-01  1.365531e+00  1.370161e+00  -4.629684e-03 
8.080000e-01  1.336311e+00  1.341038e+00  -4.726830e-03 
8.090000e-01  1.370367e+00  1.374983e+00  -4.615887e-03 
8.100000e-01  1.372429e+00  1.377043e+00  -4.614098e-03 
8.110000e-01  1.349449e+00  1.354188e+00  -4.739417e-03 
8.120000e-01  1.346840e+00  1.351686e+00  -4.846398e-03 
8.130000e-01  1.368963e+00  1.373627e+00  -4.663914e-03 
8.140000e-01  1.343270e+00  1.347977e+00  -4.707882e-03 
8.150000e-01  1.384969e+00  1.389661e+00  -4.692083e-03 
8.160000e-01  1.454133e+00  1.459019e+00  -4.886519e-03 
8.170000e-01  1.406786e+00  1.412137e+00  -5.351362e-03 
8.180000e-01  1.394197e+00  1.399754e+00  -5.557615e-03 
8.190000e-01  1.376020e+00  1.381973e+00  -5.952769e-03 
8.200000e-01  1.331121e+00  1.337510e+00  -6.388676e-03 
8.210000e-01  1.404619e+00  1.410993e+00  -6.373661e-03 
8.220000e-01  1.400380e+00  1.406886e+00  -6.505466e-03 
8.230000e-01  1.431033e+00  1.437302e+00  -6.269101e-03 
8.240000e-01  1.429047e+00  1.434857e+00  -5.810586e-03 
8.250000e-01  1.403366e+00  1.408754e+00  -5.388295e-03 
8.260000e-01  1.401658e+00  1.406717e+00  -5.058246e-03 
8.270000e-01  1.438133e+00  1.443272e+00  -5.138847e-03 
8.280000e-01  1.371996e+00  1.376698e+00  -4.701393e-03 
8.290000e-01  1.333404e+00  1.338362e+00  -4.958397e-03 
8.300000e-01  1.310122e+00  1.314865e+00  -4.742795e-03 
8.310000e-01  1.267676e+00  1.272424e+00  -4.748330e-03 
8.320000e-01  1.283118e+00  1.287642e+00  -4.523960e-03 
8.330000e-01  1.248707e+00  1.253218e+00  -4.511046e-03 
8.340000e-01  1.277139e+00  1.281284e+00  -4.144547e-03 
8.350000e-01  1.239436e+00  1.243288e+00  -3.852541e-03 
8.360000e-01  1.200278e+00  1.204360e+00  -4.081718e-03 
8.370000e-01  1.229244e+00  1.233496e+00  -4.251672e-03 
8.380000e-01  1.192563e+00  1.197156e+00  -4.593070e-03 
8.390000e-01  1.196021e+00  1.200112e+00  -4.090814e-03 
8.400000e-01  1.211961e+00  1.216205e+00  -4.243800e-03 
8.410000e-01  1.188460e+00  1.192826e+00  -4.365935e-03 
8.420000e-01  1.160238e+00  1.164879e+00  -4.641085e-03 
8.430000e-01  1.205854e+00  1.210462e+00  -4.607792e-03 
8.440000e-01  1.176407e+00  1.180638e+00  -4.231128e-03 
8.450000e-01  1.176285e+00  1.180560e+00  -4.275389e-03 
8.460000e-01  1.198892e+00  1.203378e+00  -4.485593e-03 
8.470000e-01  1.221053e+00  1.225883e+00  -4.830400e-03 
8.480000e-01  1.247409e+00  1.252516e+00  -5.107169e-03 
8.490000e-01  1.187896e+00  1.192640e+00  -4.744683e-03 
8.500000e-01  1.181589e+00  1.186835e+00  -5.245883e-03 
8.510000e-01  1.172116e+00  1.177672e+00  -5.556761e-03 
8.520000e-01  1.139242e+00  1.144962e+00  -5.720504e-03 
8.530000e-01  1.127849e+00  1.133716e+00  -5.866998e-03 
8.540000e-01  1.106155e+00  1.112353e+00  -6.198130e-03 
8.550000e-01  1.114749e+00  1.120847e+00  -6.098366e-03 
8.560000e-01  1.085027e+00  1.091290e+00  -6.263603e-03 
8.570000e-01  1.076919e+00  1.083047e+00  -6.127659e-03 
8.580000e-01  1.055862e+00  1.062305e+00  -6.443130e-03 
8.590000e-01  1.065307e+00  1.071583e+00  -6.275981e-03 
8.600000e-01  1.127531e+00  1.133883e+00  -6.352261e-03 
8.610000e-01  1.136630e+00  1.143229e+00  -6.598970e-03 
8.620000e-01  1.152503e+00  1.159094e+00  -6.590477e-03 
8.630000e-01  1.157168e+00  1.163777e+00  -6.608830e-03 
8.640000e-01  1.201464e+00  1.208131e+00  -6.667101e-03 
8.650000e-01  1.196055e+00  1.202780e+00  -6.725363e-03 
8.660000e-01  1.193018e+00  1.199454e+00  -6.435806e-03 
8.670000e-01  1.186158e+00  1.192308e+00  -6.149099e-03 
8.680000e-01  1.225148e+00  1.231272e+00  -6.123835e-03 
8.690000e-01  1.256734e+00  1.262406e+00  -5.671525e-03 
8.700000e-01  1.238780e+00  1.244523e+00  -5.743465e-03 
8.710000e-01  1.246483e+00  1.252277e+00  -5.793361e-03 
8.720000e-01  1.263221e+00  1.268899e+00  -5.677798e-03 
8.730000e-01  1.288499e+00  1.293901e+00  -5.402431e-03 
8.740000e-01  1.302617e+00  1.308005e+00  -5.387645e-03 
8.750000e-01  1.290706e+00  1.296218e+00  -5.511956e-03 
8.760000e-01  1.293646e+00  1.299173e+00  -5.526816e-03 
8.770000e-01  1.282927e+00  1.288374e+00  -5.446643e-03 
8.780000e-01  1.340831e+00  1.346598e+00  -5.767139e-03 
8.790000e-01  1.306715e+00  1.312224e+00  -5.508895e-03 
8.800000e-01  1.329826e+00  1.335098e+00  -5.272954e-03 
8.810000e-01  1.370079e+00  1.375403e+00  -5.324317e-03 
8.820000e-01  1.396006e+00  1.401254e+00  -5.247935e-03 
8.830000e-01  1.405806e+00  1.410933e+00  -5.127430e-03 
8.840000e-01  1.412762e+00  1.418134e+00  -5.371305e-03 
8.850000e-01  1.407538e+00  1.412524e+00  -4.986010e-03 
8.860000e-01  1.438136e+00  1.442916e+00  -4.779556e-03 
8.870000e-01  1.425474e+00  1.430049e+00  -4.575330e-03 
8.880000e-01  1.468902e+00  1.473632e+00  -4.730129e-03 
8.890000e-01  1.471964e+00  1.476506e+00  -4.542075e-03 
8.900000e-01  1.406188e+00  1.411002e+00  -4.813454e-03 
8.910000e-01  1.379210e+00  1.384141e+00  -4.931178e-03 
8.920000e-01  1.394744e+00  1.399706e+00  -4.961410e-03 
8.930000e-01  1.406214e+00  1.411133e+00  -4.918936e-03 
8.940000e-01  1.373369e+00  1.378103e+00  -4.734445e-03 
8.950000e-01  1.387294e+00  1.391844e+00  -4.550588e-03 
8.960000e-01  1.432241e+00  1.436826e+00  -4.584704e-03 
8.970000e-01  1.516118e+00  1.521025e+00  -4.906340e-03 
8.980000e-01  1.523203e+00  1.528965e+00  -5.761317e-03 
8.990000e-01  1.495652e+00  1.501984e+00  -6.332092e-03 
9.000000e-01  1.495130e+00  1.501470e+00  -6.339605e-03 
9.010000e-01  1.470249e+00  1.476800e+00  -6.551237e-03 
9.020000e-01  1.501963e+00  1.508730e+00  -6.766913e-03 
9.030000e-01  1.421980e+00  1.428747e+00  -6.766632e-03 
9.040000e-01  1.400537e+00  1.407350e+00  -6.813283e-03 
9.050000e-01  1.397863e+00  1.404505e+00  -6.642429e-03 
9.060000e-01  1.408952e+00  1.415408e+00  -6.456229e-03 
9.070000e-01  1.485776e+00  1.492032e+00  -6.255952e-03 
9.080000e-01  1.484094e+00  1.490171e+00  -6.077259e-03 
9.090000e-01  1.429958e+00  1.436338e+00  -6.379526e-03 
9.100000e-01  1.426539e+00  1.432823e+00  -6.283923e-03 
9.110000e-01  1.410879e+00  1.416861e+00  -5.981647e-03 
9.120000e-01  1.451005e+00  1.456423e+00  -5.418205e-03 
9.130000e-01  1.430522e+00  1.436409e+00  -5.886684e-03 
9.140000e-01  1.439476e+00  1.445450e+00  -5.973906e-03 
9.150000e-01  1.384895e+00  1.391312e+00  -6.416527e-03 
9.160000e-01  1.392682e+00  1.398969e+00  -6.287278e-03 
9.170000e-01  1.417030e+00  1.423610e+00  -6.580542e-03 
9.180000e-01  1.440408e+00  1.446950e+00  -6.541606e-03 
9.190000e-01  1.433231e+00  1.439741e+00  -6.509620e-03 
9.200000e-01  1.404075e+00  1.410305e+00  -6.229208e-03 
9.210000e-01  1.382598e+00  1.388512e+00  -5.913934e-03 
9.220000e-01  1.394636e+00  1.400317e+00  -5.680436e-03 
9.230000e-01  1.409181e+00  1.414476e+00  -5.294229e-03 
9.240000e-01  1.372657e+00  1.378311e+00  -5.654656e-03 
9.250000e-01  1.327346e+00  1.332865e+00  -5.518579e-03 
9.260000e-01  1.312490e+00  1.317702e+00  -5.211185e-03 
9.270000e-01  1.290065e+00  1.295287e+00  -5.221226e-03 
9.280000e-01  1.299653e+00  1.304687e+00  -5.034161e-03 
9.290000e-01  1.325036e+00  1.329940e+00  -4.904378e-03 
9.300000e-01  1.304148e+00  1.308941e+00  -4.792980e-03 
9.310000e-01  1.325003e+00  1.329704e+00  -4.701148e-03 
9.320000e-01  1.337014e+00  1.341181e+00  -4.167197e-03 
9.330000e-01  1.315719e+00  1.319527e+00  -3.808008e-03 
9.340000e-01  1.282514e+00  1.286525e+00  -4.010732e-03 
9.350000e-01  1.247150e+00  1.251072e+00  -3.921861e-03 
9.360000e-01  1.247646e+00  1.251778e+00  -4.132525e-03 
9.370000e-01  1.275680e+00  1.280153e+00  -4.472258e-03 
9.380000e-01  1.304380e+00  1.308790e+00  -4.409341e-03 
9.390000e-01  1.282948e+00  1.287665e+00  -4.716333e-03 
9.400000e-01  1.302280e+00  1.306816e+00  -4.535772e-03 
9.410000e-01  1.305925e+00  1.310740e+00  -4.814639e-03 
9.420000e-01  1.327256e+00  1.331843e+00  -4.586977e-03 
9.430000e-01  1.378053e+00  1.383231e+00  -5.177394e-03 
9.440000e-01  1.439821e+00  1.445278e+00  -5.457777e-03 
9.450000e-01  1.427106e+00  1.433172e+00  -6.065691e-03 
9.460000e-01  1.394223e+00  1.400659e+00  -6.436297e-03 
9.470000e-01  1.411023e+00  1.417618e+00  -6.595237e-03 
9.480000e-01  1.393566e+00  1.400469e+00  -6.902456e-03 
9.490000e-01  1.397540e+00  1.404007e+00  -6.466499e-03 
9.500000e-01  1.449796e+00  1.456297e+00  -6.500676e-03 
9.510000e-01  1.453884e+00  1.460421e+00  -6.536808e-03 
9.520000e-01  1.471288e+00  1.477775e+00  -6.487424e-03 
9.530000e-01  1.427079e+00  1.433535e+00  -6.455337e-03 
9.540000e-01  1.388219e+00  1.394405e+00  -6.185768e-03 
9.550000e-01  1.394893e+00  1.401054e+00  -6.160532e-03 
9.560000e-01  1.403506e+00  1.409946e+00  -6.439814e-03 
9.570000e-01  1.343108e+00  1.349541e+00  -6.432155e-03 
9.580000e-01  1.371388e+00  1.377573e+00  -6.184971e-03 
9.590000e-01  1.358917e+00  1.365569e+00  -6.651567e-03 
9.600000e-01  1.351973e+00  1.359127e+00  -7.153365e-03 
9.610000e-01  1.310386e+00  1.317468e+00  -7.082172e-03 
9.620000e-01  1.353059e+00  1.360028e+00  -6.968662e-03 
9.630000e-01  1.419484e+00  1.426542e+00  -7.058277e-03 
9.640000e-01  1.406799e+00  1.413973e+00  -7.174219e-03 
9.650000e-01  1.401537e+00  1.408429e+00  -6.892155e-03 
9.660000e-01  1.430784e+00  1.437437e+00  -6.652697e-03 
9.670000e-01  1.360743e+00  1.367400e+00  -6.656787e-03 
9.680000e-01  1.336447e+00  1.342951e+00  -6.503913e-03 
9.690000e-01  1.301881e+00  1.308287e+00  -6.405670e-03 
9.700000e-01  1.273940e+00  1.280027e+00  -6.087520e-03 
9.710000e-01  1.311752e+00  1.317977e+00  -6.225728e-03 
9.720000e-01  1.288288e+00  1.294533e+00  -6.245346e-03 
9.730000e-01  1.363065e+00  1.368759e+00  -5.693864e-03 
9.740000e-01  1.372999e+00  1.378610e+00  -5.610836e-03 
9.750000e-01  1.372462e+00  1.378239e+00  -5.776421e-03 
9.760000e-01  1.321159e+00  1.326994e+00  -5.834345e-03 
9.770000e-01  1.323771e+00  1.329456e+00  -5.684980e-03 
9.780000e-01  1.337757e+00  1.343314e+00  -5.557587e-03 
9.790000e-01  1.374343e+00  1.380327e+00  -5.983958e-03 
9.800000e-01  1.380921e+00  1.386606e+00  -5.684429e-03 
9.810000e-01  1.369020e+00  1.374717e+00  -5.696873e-03 
9.820000e-01  1.438286e+00  1.444093e+00  -5.807524e-03 
9.830000e-01  1.416230e+00  1.422035e+00  -5.805510e-03 
9.840000e-01  1.415708e+00  1.421662e+00  -5.954419e-03 
9.850000e-01  1.454998e+00  1.460470e+00  -5.471722e-03 
9.860000e-01  1.465751e+00  1.471662e+00  -5.910891e-03 
9.870000e-01  1.426833e+00  1.432489e+00  -5.656165e-03 
9.880000e-01  1.434013e+00  1.439851e+00  -5.837496e-03 
9.890000e-01  1.479004e+00  1.484630e+00  -5.625900e-03 
9.900000e-01  1.484868e+00  1.490402e+00  -5.533214e-03 
9.910000e-01  1.430064e+00  1.435520e+00  -5.455791e-03 
9.920000e-01  1.462319e+00  1.467607e+00  -5.287831e-03 
9.930000e-01  1.505435e+00  1.511015e+00  -5.580427e-03 
9.940000e-01  1.499315e+00  1.504799e+00  -5.484149e-03 
9.950000e-01  1.487491e+00  1.492620e+00  -5.129100e-03 
9.960000e-01  1.511522e+00  1.516927e+00  -5.404430e-03 
9.970000e-01  1.463867e+00  1.469585e+00  -5.717726e-03 
9.980000e-01  1.435886e+00  1.441427e+00  -5.541025e-03 
9.990000e-01  1.415939e+00  1.421730e+00  -5.790115e-03 
