0.000000e+00  1.000000e+00  1.000000e+00  0.000000e+00 
1.000000e-03  9.838750e-01  9.839160e-01  -4.098000e-05 
2.000000e-03  9.821889e-01  9.829160e-01  -7.271473e-04 
3.000000e-03  9.299728e-01  9.306764e-01  -7.035604e-04 
4.000000e-03  9.248837e-01  9.254202e-01  -5.364488e-04 
5.000000e-03  9.241114e-01  9.252717e-01  -1.160231e-03 
6.000000e-03  9.504132e-01  9.512235e-01  -8.103938e-04 
7.000000e-03  9.724596e-01  9.734851e-01  -1.025434e-03 
8.000000e-03  9.745121e-01  9.756033e-01  -1.091181e-03 
9.000000e-03  9.761151e-01  9.768570e-01  -7.419301e-04 
1.000000e-02  9.668048e-01  9.674309e-01  -6.261051e-04 
1.100000e-02  9.480998e-01  9.490340e-01  -9.341353e-04 
1.200000e-02  9.315031e-01  9.314059e-01  9.715229e-05 
1.300000e-02  9.923341e-01  9.924652e-01  -1.310788e-04 
1.400000e-02  9.846881e-01  9.855059e-01  -8.178137e-04 
1.500000e-02  1.056197e+00  1.056709e+00  -5.121080e-04 
1.600000e-02  1.044274e+00  1.044708e+00  -4.336340e-04 
1.700000e-02  1.052434e+00  1.052667e+00  -2.328290e-04 
1.800000e-02  1.057876e+00  1.058306e+00  -4.297214e-04 
1.900000e-02  1.111991e+00  1.111912e+00  7.924141e-05 
2.000000e-02  1.155936e+00  1.154614e+00  1.322101e-03 
2.100000e-02  1.181601e+00  1.180949e+00  6.522682e-04 
2.200000e-02  1.207527e+00  1.208152e+00  -6.249652e-04 
2.300000e-02  1.163464e+00  1.165149e+00  -1.684629e-03 
2.400000e-02  1.173156e+00  1.174105e+00  -9.489271e-04 
2.500000e-02  1.163027e+00  1.164369e+00  -1.342048e-03 
2.600000e-02  1.210404e+00  1.210416e+00  -1.173989e-05 
2.700000e-02  1.174615e+00  1.174628e+00  -1.250220e-05 
2.800000e-02  1.147392e+00  1.147141e+00  2.511443e-04 
2.900000e-02  1.127848e+00  1.128302e+00  -4.542505e-04 
3.000000e-02  1.139349e+00  1.139750e+00  -4.007789e-04 
3.100000e-02  1.143014e+00  1.143022e+00  -7.291870e-06 
3.200000e-02  1.143018e+00  1.143714e+00  -6.967391e-04 
3.300000e-02  1.140496e+00  1.141602e+00  -1.106350e-03 
3.400000e-02  1.142020e+00  1.143907e+00  -1.887667e-03 
3.500000e-02  1.141535e+00  1.144018e+00  -2.483099e-03 
3.600000e-02  1.151114e+00  1.153066e+00  -1.952374e-03 
3.700000e-02  1.174628e+00  1.176437e+00  -1.809145e-03 
3.800000e-02  1.165236e+00  1.167343e+00  -2.106122e-03 
3.900000e-02  1.166386e+00  1.168477e+00  -2.091076e-03 
4.000000e-02  1.229397e+00  1.231434e+00  -2.036578e-03 
4.100000e-02  1.279370e+00  1.280463e+00  -1.093392e-03 
4.200000e-02  1.313443e+00  1.314740e+00  -1.296699e-03 
4.300000e-02  1.331417e+00  1.332165e+00  -7.484974e-04 
4.400000e-02  1.341618e+00  1.343332e+00  -1.713756e-03 
4.500000e-02  1.298799e+00  1.301732e+00  -2.932360e-03 
4.600000e-02  1.250669e+00  1.252954e+00  -2.284950e-03 
4.700000e-02  1.200150e+00  1.201570e+00  -1.419069e-03 
4.800000e-02  1.194980e+00  1.195063e+00  -8.368486e-05 
4.900000e-02  1.199057e+00  1.199016e+00  4.065947e-05 
5.000000e-02  1.147080e+00  1.147974e+00  -8.947434e-04 
5.100000e-02  1.139249e+00  1.140100e+00  -8.513288e-04 
5.200000e-02  1.122543e+00  1.122934e+00  -3.911021e-04 
5.300000e-02  1.164217e+00  1.164350e+00  -1.333863e-04 
5.400000e-02  1.199914e+00  1.201155e+00  -1.241532e-03 
5.500000e-02  1.166065e+00  1.168316e+00  -2.250582e-03 
5.600000e-02  1.167375e+00  1.169523e+00  -2.147699e-03 
5.700000e-02  1.199287e+00  1.200677e+00  -1.389968e-03 
5.800000e-02  1.207162e+00  1.208763e+00  -1.601808e-03 
5.900000e-02  1.315059e+00  1.317072e+00  -2.012444e-03 
6.000000e-02  1.298406e+00  1.300775e+00  -2.369238e-03 
6.100000e-02  1.321568e+00  1.324676e+00  -3.107169e-03 
6.200000e-02  1.300517e+00  1.304232e+00  -3.715129e-03 
6.300000e-02  1.264483e+00  1.268019e+00  -3.535534e-03 
6.400000e-02  1.282243e+00  1.285457e+00  -3.213172e-03 
6.500000e-02  1.301474e+00  1.305107e+00  -3.633927e-03 
6.600000e-02  1.252495e+00  1.255718e+00  -3.223268e-03 
6.700000e-02  1.289736e+00  1.293296e+00  -3.559577e-03 
6.800000e-02  1.286923e+00  1.288370e+00  -1.446688e-03 
6.900000e-02  1.336380e+00  1.338324e+00  -1.943744e-03 
7.000000e-02  1.413802e+00  1.415237e+00  -1.435282e-03 
7.100000e-02  1.419346e+00  1.421334e+00  -1.988812e-03 
7.200000e-02  1.447198e+00  1.450189e+00  -2.990709e-03 
7.300000e-02  1.451917e+00  1.454445e+00  -2.527535e-03 
7.400000e-02  1.453170e+00  1.454534e+00  -1.363514e-03 
7.500000e-02  1.445410e+00  1.446334e+00  -9.235673e-04 
7.600000e-02  1.395313e+00  1.395604e+00  -2.913686e-04 
7.700000e-02  1.429923e+00  1.429573e+00  3.497796e-04 
7.800000e-02  1.426987e+00  1.426549e+00  4.375054e-04 
7.900000e-02  1.462049e+00  1.462146e+00  -9.640756e-05 
8.000000e-02  1.499906e+00  1.499486e+00  4.205150e-04 
8.100000e-02  1.433849e+00  1.432609e+00  1.240043e-03 
8.200000e-02  1.445027e+00  1.443647e+00  1.379749e-03 
8.300000e-02  1.398360e+00  1.396788e+00  1.571265e-03 
8.400000e-02  1.382694e+00  1.381835e+00  8.592736e-04 
8.500000e-02  1.389576e+00  1.390006e+00  -4.296138e-04 
8.600000e-02  1.393038e+00  1.392297e+00  7.418464e-04 
8.700000e-02  1.371425e+00  1.371054e+00  3.719058e-04 
8.800000e-02  1.369804e+00  1.368585e+00  1.218256e-03 
8.900000e-02  1.377051e+00  1.375558e+00  1.492941e-03 
9.000000e-02  1.366550e+00  1.364679e+00  1.870859e-03 
9.100000e-02  1.379174e+00  1.375337e+00  3.836730e-03 
9.200000e-02  1.365893e+00  1.363026e+00  2.866321e-03 
9.300000e-02  1.385744e+00  1.382456e+00  3.287953e-03 
9.400000e-02  1.364809e+00  1.361613e+00  3.196202e-03 
9.500000e-02  1.350695e+00  1.347578e+00  3.117152e-03 
9.600000e-02  1.365804e+00  1.362859e+00  2.944493e-03 
9.700000e-02  1.346094e+00  1.341914e+00  4.180510e-03 
9.800000e-02  1.374758e+00  1.370259e+00  4.498992e-03 
9.900000e-02  1.381906e+00  1.377333e+00  4.572130e-03 
1.000000e-01  1.380446e+00  1.376086e+00  4.360352e-03 
1.010000e-01  1.363259e+00  1.358723e+00  4.536538e-03 
1.020000e-01  1.362367e+00  1.357347e+00  5.020495e-03 
1.030000e-01  1.332028e+00  1.326282e+00  5.746169e-03 
1.040000e-01  1.319667e+00  1.313295e+00  6.372658e-03 
1.050000e-01  1.347813e+00  1.341141e+00  6.671689e-03 
1.060000e-01  1.352312e+00  1.345685e+00  6.626395e-03 
1.070000e-01  1.404256e+00  1.397734e+00  6.521487e-03 
1.080000e-01  1.415567e+00  1.408793e+00  6.774134e-03 
1.090000e-01  1.416851e+00  1.409669e+00  7.182404e-03 
1.100000e-01  1.439251e+00  1.431058e+00  8.193002e-03 
1.110000e-01  1.454081e+00  1.446645e+00  7.435169e-03 
1.120000e-01  1.475304e+00  1.467239e+00  8.065637e-03 
1.130000e-01  1.426505e+00  1.418166e+00  8.339111e-03 
1.140000e-01  1.407597e+00  1.400135e+00  7.461520e-03 
1.150000e-01  1.437808e+00  1.431322e+00  6.485543e-03 
1.160000e-01  1.418116e+00  1.412376e+00  5.739943e-03 
1.170000e-01  1.434729e+00  1.429120e+00  5.609002e-03 
1.180000e-01  1.435487e+00  1.430737e+00  4.750045e-03 
1.190000e-01  1.372053e+00  1.367391e+00  4.662295e-03 
1.200000e-01  1.468330e+00  1.463071e+00  5.258403e-03 
1.210000e-01  1.461801e+00  1.456249e+00  5.551882e-03 
1.220000e-01  1.401374e+00  1.395693e+00  5.681081e-03 
1.230000e-01  1.396886e+00  1.392065e+00  4.821613e-03 
1.240000e-01  1.385429e+00  1.381789e+00  3.640024e-03 
1.250000e-01  1.367016e+00  1.363644e+00  3.371785e-03 
1.260000e-01  1.328597e+00  1.325789e+00  2.807261e-03 
1.270000e-01  1.327256e+00  1.322961e+00  4.295026e-03 
1.280000e-01  1.348078e+00  1.343429e+00  4.648420e-03 
1.290000e-01  1.347540e+00  1.343001e+00  4.538370e-03 
1.300000e-01  1.385000e+00  1.381517e+00  3.483007e-03 
1.310000e-01  1.370007e+00  1.365423e+00  4.583649e-03 
1.320000e-01  1.344382e+00  1.341268e+00  3.114323e-03 
1.330000e-01  1.378665e+00  1.375495e+00  3.170385e-03 
1.340000e-01  1.436978e+00  1.433031e+00  3.947242e-03 
1.350000e-01  1.475275e+00  1.471647e+00  3.627260e-03 
1.360000e-01  1.423815e+00  1.421659e+00  2.156567e-03 
1.370000e-01  1.379812e+00  1.377397e+00  2.414890e-03 
1.380000e-01  1.412964e+00  1.410871e+00  2.093055e-03 
1.390000e-01  1.439649e+00  1.438355e+00  1.294353e-03 
1.400000e-01  1.422826e+00  1.420532e+00  2.293781e-03 
1.410000e-01  1.444938e+00  1.441950e+00  2.988603e-03 
1.420000e-01  1.442838e+00  1.439427e+00  3.410114e-03 
1.430000e-01  1.451097e+00  1.446652e+00  4.444480e-03 
1.440000e-01  1.410134e+00  1.405606e+00  4.528705e-03 
1.450000e-01  1.439093e+00  1.433393e+00  5.700008e-03 
1.460000e-01  1.480271e+00  1.475326e+00  4.944335e-03 
1.470000e-01  1.508959e+00  1.504295e+00  4.663955e-03 
1.480000e-01  1.555282e+00  1.551643e+00  3.639531e-03 
1.490000e-01  1.602022e+00  1.598531e+00  3.491292e-03 
1.500000e-01  1.626726e+00  1.622726e+00  4.000273e-03 
1.510000e-01  1.666818e+00  1.662290e+00  4.528442e-03 
1.520000e-01  1.711261e+00  1.707137e+00  4.123478e-03 
1.530000e-01  1.634815e+00  1.631673e+00  3.141247e-03 
1.540000e-01  1.576122e+00  1.571854e+00  4.268090e-03 
1.550000e-01  1.567532e+00  1.563320e+00  4.212025e-03 
1.560000e-01  1.531258e+00  1.526259e+00  4.999440e-03 
1.570000e-01  1.511515e+00  1.507285e+00  4.230112e-03 
1.580000e-01  1.536376e+00  1.532253e+00  4.123142e-03 
1.590000e-01  1.512206e+00  1.508278e+00  3.927687e-03 
1.600000e-01  1.573450e+00  1.570551e+00  2.899028e-03 
1.610000e-01  1.616759e+00  1.614214e+00  2.544901e-03 
1.620000e-01  1.600779e+00  1.599638e+00  1.141219e-03 
1.630000e-01  1.576698e+00  1.575325e+00  1.372936e-03 
1.640000e-01  1.628535e+00  1.626123e+00  2.411925e-03 
1.650000e-01  1.624497e+00  1.622149e+00  2.348075e-03 
1.660000e-01  1.610585e+00  1.608046e+00  2.538450e-03 
1.670000e-01  1.662845e+00  1.660898e+00  1.947234e-03 
1.680000e-01  1.637681e+00  1.637131e+00  5.498551e-04 
1.690000e-01  1.613515e+00  1.614826e+00  -1.311550e-03 
1.700000e-01  1.612520e+00  1.613359e+00  -8.391030e-04 
1.710000e-01  1.575380e+00  1.576443e+00  -1.062502e-03 
1.720000e-01  1.538340e+00  1.540924e+00  -2.584073e-03 
1.730000e-01  1.519798e+00  1.520075e+00  -2.764583e-04 
1.740000e-01  1.491153e+00  1.492710e+00  -1.556736e-03 
1.750000e-01  1.472205e+00  1.475324e+00  -3.119090e-03 
1.760000e-01  1.461203e+00  1.464959e+00  -3.756164e-03 
1.770000e-01  1.469386e+00  1.472613e+00  -3.226699e-03 
1.780000e-01  1.510808e+00  1.513367e+00  -2.558285e-03 
1.790000e-01  1.489247e+00  1.493073e+00  -3.825383e-03 
1.800000e-01  1.476958e+00  1.479293e+00  -2.335088e-03 
1.810000e-01  1.474231e+00  1.477653e+00  -3.421889e-03 
1.820000e-01  1.443920e+00  1.447229e+00  -3.309302e-03 
1.830000e-01  1.449545e+00  1.453058e+00  -3.513116e-03 
1.840000e-01  1.473163e+00  1.476812e+00  -3.648306e-03 
1.850000e-01  1.452248e+00  1.456133e+00  -3.885568e-03 
1.860000e-01  1.473092e+00  1.477381e+00  -4.288715e-03 
1.870000e-01  1.461424e+00  1.466534e+00  -5.109988e-03 
1.880000e-01  1.492376e+00  1.497441e+00  -5.065330e-03 
1.890000e-01  1.457736e+00  1.462761e+00  -5.024951e-03 
1.900000e-01  1.438506e+00  1.443068e+00  -4.561705e-03 
1.910000e-01  1.487488e+00  1.492962e+00  -5.473156e-03 
1.920000e-01  1.436447e+00  1.441895e+00  -5.447827e-03 
1.930000e-01  1.427076e+00  1.432294e+00  -5.218288e-03 
1.940000e-01  1.356626e+00  1.362170e+00  -5.543658e-03 
1.950000e-01  1.294645e+00  1.300733e+00  -6.088563e-03 
1.960000e-01  1.290436e+00  1.298354e+00  -7.917301e-03 
1.970000e-01  1.260677e+00  1.268455e+00  -7.778040e-03 
1.980000e-01  1.260232e+00  1.267676e+00  -7.443780e-03 
1.990000e-01  1.215527e+00  1.223518e+00  -7.990854e-03 
2.000000e-01  1.272792e+00  1.280867e+00  -8.075604e-03 
2.010000e-01  1.260145e+00  1.268873e+00  -8.728521e-03 
2.020000e-01  1.316559e+00  1.325950e+00  -9.391023e-03 
2.030000e-01  1.349841e+00  1.359525e+00  -9.684230e-03 
2.040000e-01  1.319446e+00  1.329034e+00  -9.587608e-03 
2.050000e-01  1.305312e+00  1.315735e+00  -1.042291e-02 
2.060000e-01  1.222404e+00  1.233010e+00  -1.060605e-02 
2.070000e-01  1.229364e+00  1.237758e+00  -8.393574e-03 
2.080000e-01  1.279692e+00  1.288301e+00  -8.609796e-03 
2.090000e-01  1.211127e+00  1.218936e+00  -7.809127e-03 
2.100000e-01  1.275203e+00  1.283601e+00  -8.397964e-03 
2.110000e-01  1.266818e+00  1.274949e+00  -8.131571e-03 
2.120000e-01  1.232833e+00  1.241596e+00  -8.762796e-03 
2.130000e-01  1.205868e+00  1.213603e+00  -7.734888e-03 
2.140000e-01  1.233808e+00  1.242446e+00  -8.637848e-03 
2.150000e-01  1.228753e+00  1.237234e+00  -8.481365e-03 
2.160000e-01  1.237064e+00  1.245488e+00  -8.424805e-03 
2.170000e-01  1.293452e+00  1.302264e+00  -8.811981e-03 
2.180000e-01  1.265253e+00  1.275175e+00  -9.921236e-03 
2.190000e-01  1.313085e+00  1.322889e+00  -9.803858e-03 
2.200000e-01  1.362206e+00  1.370782e+00  -8.576244e-03 
2.210000e-01  1.336876e+00  1.344448e+00  -7.571892e-03 
2.220000e-01  1.376711e+00  1.384432e+00  -7.721534e-03 
2.230000e-01  1.420231e+00  1.428772e+00  -8.541582e-03 
2.240000e-01  1.418805e+00  1.427544e+00  -8.739493e-03 
2.250000e-01  1.408712e+00  1.418555e+00  -9.842442e-03 
2.260000e-01  1.389155e+00  1.397619e+00  -8.463180e-03 
2.270000e-01  1.395496e+00  1.402669e+00  -7.173698e-03 
2.280000e-01  1.401259e+00  1.407598e+00  -6.339429e-03 
2.290000e-01  1.394642e+00  1.402726e+00  -8.083830e-03 
2.300000e-01  1.386920e+00  1.395264e+00  -8.343717e-03 
2.310000e-01  1.458796e+00  1.467028e+00  -8.231652e-03 
2.320000e-01  1.462858e+00  1.471018e+00  -8.160182e-03 
2.330000e-01  1.481721e+00  1.489045e+00  -7.323359e-03 
2.340000e-01  1.471814e+00  1.477938e+00  -6.123948e-03 
2.350000e-01  1.469659e+00  1.476199e+00  -6.539722e-03 
2.360000e-01  1.463102e+00  1.470104e+00  -7.002049e-03 
2.370000e-01  1.452956e+00  1.458830e+00  -5.874319e-03 
2.380000e-01  1.475828e+00  1.481980e+00  -6.152388e-03 
2.390000e-01  1.523743e+00  1.530197e+00  -6.453663e-03 
2.400000e-01  1.483904e+00  1.489339e+00  -5.435051e-03 
2.410000e-01  1.508794e+00  1.514299e+00  -5.505340e-03 
2.420000e-01  1.509966e+00  1.516064e+00  -6.098048e-03 
2.430000e-01  1.507653e+00  1.512996e+00  -5.342935e-03 
2.440000e-01  1.522809e+00  1.527761e+00  -4.951388e-03 
2.450000e-01  1.524252e+00  1.528811e+00  -4.559545e-03 
2.460000e-01  1.547711e+00  1.551921e+00  -4.209942e-03 
2.470000e-01  1.576586e+00  1.580729e+00  -4.142336e-03 
2.480000e-01  1.594321e+00  1.597616e+00  -3.294895e-03 
2.490000e-01  1.623242e+00  1.625612e+00  -2.370899e-03 
2.500000e-01  1.598364e+00  1.600966e+00  -2.602232e-03 
2.510000e-01  1.579255e+00  1.582928e+00  -3.673115e-03 
2.520000e-01  1.542907e+00  1.546600e+00  -3.693328e-03 
2.530000e-01  1.547245e+00  1.550851e+00  -3.606154e-03 
2.540000e-01  1.555682e+00  1.558823e+00  -3.140676e-03 
2.550000e-01  1.571803e+00  1.574761e+00  -2.957226e-03 
2.560000e-01  1.549032e+00  1.551600e+00  -2.567614e-03 
2.570000e-01  1.515681e+00  1.518186e+00  -2.505833e-03 
2.580000e-01  1.513864e+00  1.517248e+00  -3.383727e-03 
2.590000e-01  1.529198e+00  1.532621e+00  -3.423092e-03 
2.600000e-01  1.517660e+00  1.522388e+00  -4.727997e-03 
2.610000e-01  1.521877e+00  1.525858e+00  -3.980735e-03 
2.620000e-01  1.482686e+00  1.487812e+00  -5.126015e-03 
2.630000e-01  1.440881e+00  1.447349e+00  -6.467774e-03 
2.640000e-01  1.461767e+00  1.467034e+00  -5.266393e-03 
2.650000e-01  1.467294e+00  1.473198e+00  -5.904611e-03 
2.660000e-01  1.384053e+00  1.389378e+00  -5.325211e-03 
2.670000e-01  1.359902e+00  1.365003e+00  -5.101923e-03 
2.680000e-01  1.404308e+00  1.409726e+00  -5.417902e-03 
2.690000e-01  1.392393e+00  1.396432e+00  -4.039182e-03 
2.700000e-01  1.401069e+00  1.405629e+00  -4.559947e-03 
2.710000e-01  1.357686e+00  1.363436e+00  -5.750368e-03 
2.720000e-01  1.363602e+00  1.368892e+00  -5.290009e-03 
2.730000e-01  1.342034e+00  1.347268e+00  -5.233966e-03 
2.740000e-01  1.345600e+00  1.350712e+00  -5.112433e-03 
2.750000e-01  1.427290e+00  1.430779e+00  -3.488850e-03 
2.760000e-01  1.418110e+00  1.422314e+00  -4.203717e-03 
2.770000e-01  1.447554e+00  1.452107e+00  -4.553099e-03 
2.780000e-01  1.434129e+00  1.439194e+00  -5.065830e-03 
2.790000e-01  1.432138e+00  1.438053e+00  -5.914775e-03 
2.800000e-01  1.361873e+00  1.368131e+00  -6.258039e-03 
2.810000e-01  1.347805e+00  1.354818e+00  -7.012784e-03 
2.820000e-01  1.322599e+00  1.328737e+00  -6.137255e-03 
2.830000e-01  1.338564e+00  1.343540e+00  -4.975425e-03 
2.840000e-01  1.364714e+00  1.369078e+00  -4.363650e-03 
2.850000e-01  1.357955e+00  1.362369e+00  -4.413648e-03 
2.860000e-01  1.398932e+00  1.403087e+00  -4.155035e-03 
2.870000e-01  1.385123e+00  1.388799e+00  -3.675523e-03 
2.880000e-01  1.385360e+00  1.390317e+00  -4.956858e-03 
2.890000e-01  1.427359e+00  1.431963e+00  -4.603213e-03 
2.900000e-01  1.414949e+00  1.420044e+00  -5.095663e-03 
2.910000e-01  1.367262e+00  1.371782e+00  -4.519853e-03 
2.920000e-01  1.368229e+00  1.373574e+00  -5.345683e-03 
2.930000e-01  1.416468e+00  1.422356e+00  -5.888449e-03 
2.940000e-01  1.393713e+00  1.399520e+00  -5.807351e-03 
2.950000e-01  1.378864e+00  1.385132e+00  -6.268042e-03 
2.960000e-01  1.389159e+00  1.397761e+00  -8.602323e-03 
2.970000e-01  1.374303e+00  1.383119e+00  -8.816346e-03 
2.980000e-01  1.400951e+00  1.410258e+00  -9.306512e-03 
2.990000e-01  1.452882e+00  1.463044e+00  -1.016165e-02 
3.000000e-01  1.417748e+00  1.428115e+00  -1.036748e-02 
3.010000e-01  1.427048e+00  1.438839e+00  -1.179047e-02 
3.020000e-01  1.435746e+00  1.448097e+00  -1.235079e-02 
3.030000e-01  1.459228e+00  1.472079e+00  -1.285049e-02 
3.040000e-01  1.511257e+00  1.522635e+00  -1.137837e-02 
3.050000e-01  1.536371e+00  1.547107e+00  -1.073583e-02 
3.060000e-01  1.557158e+00  1.567461e+00  -1.030253e-02 
3.070000e-01  1.600352e+00  1.610664e+00  -1.031209e-02 
3.080000e-01  1.561395e+00  1.571354e+00  -9.959220e-03 
3.090000e-01  1.566988e+00  1.578913e+00  -1.192473e-02 
3.100000e-01  1.520633e+00  1.532836e+00  -1.220363e-02 
3.110000e-01  1.568318e+00  1.580780e+00  -1.246170e-02 
3.120000e-01  1.631091e+00  1.644037e+00  -1.294569e-02 
3.130000e-01  1.654362e+00  1.666461e+00  -1.209894e-02 
3.140000e-01  1.632666e+00  1.644951e+00  -1.228518e-02 
3.150000e-01  1.636645e+00  1.647681e+00  -1.103570e-02 
3.160000e-01  1.630220e+00  1.640156e+00  -9.935521e-03 
3.170000e-01  1.631113e+00  1.641063e+00  -9.949537e-03 
3.180000e-01  1.651133e+00  1.661076e+00  -9.942799e-03 
3.190000e-01  1.645919e+00  1.654269e+00  -8.349788e-03 
3.200000e-01  1.682624e+00  1.690273e+00  -7.648774e-03 
3.210000e-01  1.698650e+00  1.705619e+00  -6.968955e-03 
3.220000e-01  1.699835e+00  1.706496e+00  -6.661222e-03 
3.230000e-01  1.673304e+00  1.680443e+00  -7.138612e-03 
3.240000e-01  1.647854e+00  1.657002e+00  -9.147655e-03 
3.250000e-01  1.628040e+00  1.636752e+00  -8.712057e-03 
3.260000e-01  1.626103e+00  1.635427e+00  -9.323920e-03 
3.270000e-01  1.653866e+00  1.661985e+00  -8.118883e-03 
3.280000e-01  1.641040e+00  1.647584e+00  -6.543794e-03 
3.290000e-01  1.613614e+00  1.618955e+00  -5.340911e-03 
3.300000e-01  1.609269e+00  1.614235e+00  -4.965934e-03 
3.310000e-01  1.543602e+00  1.548322e+00  -4.719591e-03 
3.320000e-01  1.580825e+00  1.586376e+00  -5.550552e-03 
3.330000e-01  1.631516e+00  1.637513e+00  -5.996998e-03 
3.340000e-01  1.637056e+00  1.642323e+00  -5.266735e-03 
3.350000e-01  1.637722e+00  1.642540e+00  -4.817901e-03 
3.360000e-01  1.652419e+00  1.658743e+00  -6.324210e-03 
3.370000e-01  1.669130e+00  1.677097e+00  -7.966311e-03 
3.380000e-01  1.677717e+00  1.684984e+00  -7.267214e-03 
3.390000e-01  1.710804e+00  1.717340e+00  -6.535539e-03 
3.400000e-01  1.686886e+00  1.692621e+00  -5.735281e-03 
3.410000e-01  1.716052e+00  1.723619e+00  -7.566806e-03 
3.420000e-01  1.691460e+00  1.699015e+00  -7.555923e-03 
3.430000e-01  1.707831e+00  1.715760e+00  -7.929332e-03 
3.440000e-01  1.704145e+00  1.712358e+00  -8.213150e-03 
3.450000e-01  1.658978e+00  1.666952e+00  -7.974435e-03 
3.460000e-01  1.689319e+00  1.696866e+00  -7.547052e-03 
3.470000e-01  1.702012e+00  1.709780e+00  -7.767910e-03 
3.480000e-01  1.696578e+00  1.704866e+00  -8.288279e-03 
3.490000e-01  1.720285e+00  1.728486e+00  -8.200948e-03 
3.500000e-01  1.715512e+00  1.723132e+00  -7.620844e-03 
3.510000e-01  1.710139e+00  1.716992e+00  -6.853609e-03 
3.520000e-01  1.695314e+00  1.704735e+00  -9.420737e-03 
3.530000e-01  1.680185e+00  1.689989e+00  -9.804606e-03 
3.540000e-01  1.750839e+00  1.761023e+00  -1.018318e-02 
3.550000e-01  1.732049e+00  1.742598e+00  -1.054921e-02 
3.560000e-01  1.695224e+00  1.705499e+00  -1.027443e-02 
3.570000e-01  1.690713e+00  1.701570e+00  -1.085716e-02 
3.580000e-01  1.686362e+00  1.695454e+00  -9.092589e-03 
3.590000e-01  1.744963e+00  1.753708e+00  -8.744933e-03 
3.600000e-01  1.791631e+00  1.800279e+00  -8.647474e-03 
3.610000e-01  1.827998e+00  1.835171e+00  -7.172255e-03 
3.620000e-01  1.804485e+00  1.812687e+00  -8.202006e-03 
3.630000e-01  1.790267e+00  1.798220e+00  -7.953422e-03 
3.640000e-01  1.757327e+00  1.764390e+00  -7.063309e-03 
3.650000e-01  1.806793e+00  1.814283e+00  -7.490454e-03 
3.660000e-01  1.739362e+00  1.748196e+00  -8.833407e-03 
3.670000e-01  1.758105e+00  1.767403e+00  -9.297220e-03 
3.680000e-01  1.830619e+00  1.840609e+00  -9.990700e-03 
3.690000e-01  1.814648e+00  1.822334e+00  -7.685573e-03 
3.700000e-01  1.888492e+00  1.895454e+00  -6.961911e-03 
3.710000e-01  1.847321e+00  1.853819e+00  -6.498235e-03 
3.720000e-01  1.825784e+00  1.832247e+00  -6.463327e-03 
3.730000e-01  1.756406e+00  1.762139e+00  -5.733391e-03 
3.740000e-01  1.732916e+00  1.740771e+00  -7.854844e-03 
3.750000e-01  1.693304e+00  1.699412e+00  -6.107771e-03 
3.760000e-01  1.729346e+00  1.737547e+00  -8.200734e-03 
3.770000e-01  1.754027e+00  1.762296e+00  -8.268785e-03 
3.780000e-01  1.752893e+00  1.761908e+00  -9.015639e-03 
3.790000e-01  1.789037e+00  1.798522e+00  -9.485064e-03 
3.800000e-01  1.844365e+00  1.853014e+00  -8.648303e-03 
3.810000e-01  1.892327e+00  1.900835e+00  -8.508040e-03 
3.820000e-01  1.959383e+00  1.967604e+00  -8.221412e-03 
3.830000e-01  1.956341e+00  1.964175e+00  -7.833924e-03 
3.840000e-01  1.936878e+00  1.944966e+00  -8.087978e-03 
3.850000e-01  1.958515e+00  1.967030e+00  -8.515121e-03 
3.860000e-01  1.970437e+00  1.976609e+00  -6.172744e-03 
3.870000e-01  2.012676e+00  2.018847e+00  -6.171130e-03 
3.880000e-01  1.994506e+00  2.000006e+00  -5.500728e-03 
3.890000e-01  1.961860e+00  1.967836e+00  -5.976060e-03 
3.900000e-01  1.940724e+00  1.946966e+00  -6.242728e-03 
3.910000e-01  1.942300e+00  1.949638e+00  -7.338154e-03 
3.920000e-01  1.915257e+00  1.923669e+00  -8.412400e-03 
3.930000e-01  1.914452e+00  1.923684e+00  -9.232483e-03 
3.940000e-01  1.904886e+00  1.913069e+00  -8.183107e-03 
3.950000e-01  1.918790e+00  1.927624e+00  -8.833377e-03 
3.960000e-01  1.922902e+00  1.932840e+00  -9.937701e-03 
3.970000e-01  1.936792e+00  1.945654e+00  -8.861474e-03 
3.980000e-01  1.944246e+00  1.952557e+00  -8.310083e-03 
3.990000e-01  1.904545e+00  1.914239e+00  -9.693382e-03 
4.000000e-01  1.907226e+00  1.915145e+00  -7.919385e-03 
4.010000e-01  1.900144e+00  1.908453e+00  -8.309678e-03 
4.020000e-01  1.887314e+00  1.894931e+00  -7.617547e-03 
4.030000e-01  1.911328e+00  1.920661e+00  -9.333167e-03 
4.040000e-01  1.902197e+00  1.913820e+00  -1.162283e-02 
4.050000e-01  1.871080e+00  1.882195e+00  -1.111436e-02 
4.060000e-01  1.897658e+00  1.909734e+00  -1.207608e-02 
4.070000e-01  1.880374e+00  1.890308e+00  -9.934450e-03 
4.080000e-01  1.856087e+00  1.866012e+00  -9.925123e-03 
4.090000e-01  1.896770e+00  1.907688e+00  -1.091825e-02 
4.100000e-01  1.891046e+00  1.901886e+00  -1.084082e-02 
4.110000e-01  1.961513e+00  1.972897e+00  -1.138436e-02 
4.120000e-01  1.970950e+00  1.981356e+00  -1.040608e-02 
4.130000e-01  1.975892e+00  1.987554e+00  -1.166186e-02 
4.140000e-01  2.008466e+00  2.021294e+00  -1.282793e-02 
4.150000e-01  1.999210e+00  2.010675e+00  -1.146436e-02 
4.160000e-01  1.918670e+00  1.930312e+00  -1.164240e-02 
4.170000e-01  1.956832e+00  1.967259e+00  -1.042678e-02 
4.180000e-01  1.967304e+00  1.978675e+00  -1.137101e-02 
4.190000e-01  1.946711e+00  1.955925e+00  -9.213983e-03 
4.200000e-01  1.953272e+00  1.961182e+00  -7.910348e-03 
4.210000e-01  1.980740e+00  1.988824e+00  -8.084612e-03 
4.220000e-01  1.968752e+00  1.976701e+00  -7.949144e-03 
4.230000e-01  1.968543e+00  1.974271e+00  -5.728120e-03 
4.240000e-01  1.993900e+00  2.000509e+00  -6.608300e-03 
4.250000e-01  1.961043e+00  1.967432e+00  -6.388588e-03 
4.260000e-01  1.974282e+00  1.980270e+00  -5.988473e-03 
4.270000e-01  1.935577e+00  1.941520e+00  -5.942171e-03 
4.280000e-01  1.970201e+00  1.976122e+00  -5.920391e-03 
4.290000e-01  1.948952e+00  1.956831e+00  -7.878520e-03 
4.300000e-01  1.954850e+00  1.963622e+00  -8.771802e-03 
4.310000e-01  1.913565e+00  1.921302e+00  -7.736639e-03 
4.320000e-01  1.882381e+00  1.889194e+00  -6.812717e-03 
4.330000e-01  1.827653e+00  1.836285e+00  -8.631097e-03 
4.340000e-01  1.848697e+00  1.855286e+00  -6.588513e-03 
4.350000e-01  1.887534e+00  1.893820e+00  -6.286597e-03 
4.360000e-01  1.908852e+00  1.914903e+00  -6.051151e-03 
4.370000e-01  1.865559e+00  1.872363e+00  -6.804843e-03 
4.380000e-01  1.898589e+00  1.905236e+00  -6.646661e-03 
4.390000e-01  1.888645e+00  1.894337e+00  -5.691504e-03 
4.400000e-01  1.916418e+00  1.922036e+00  -5.618087e-03 
4.410000e-01  1.881057e+00  1.887269e+00  -6.212233e-03 
4.420000e-01  1.897033e+00  1.900949e+00  -3.916697e-03 
4.430000e-01  1.950256e+00  1.954896e+00  -4.639884e-03 
4.440000e-01  1.970546e+00  1.974547e+00  -4.000411e-03 
4.450000e-01  1.987046e+00  1.990862e+00  -3.815404e-03 
4.460000e-01  1.909161e+00  1.914618e+00  -5.457256e-03 
4.470000e-01  1.923361e+00  1.930608e+00  -7.247033e-03 
4.480000e-01  1.959011e+00  1.965985e+00  -6.974528e-03 
4.490000e-01  1.937409e+00  1.944591e+00  -7.181746e-03 
4.500000e-01  1.914822e+00  1.921931e+00  -7.108619e-03 
4.510000e-01  1.849684e+00  1.856260e+00  -6.576343e-03 
4.520000e-01  1.892201e+00  1.897957e+00  -5.755570e-03 
4.530000e-01  1.870131e+00  1.875974e+00  -5.842992e-03 
4.540000e-01  1.902147e+00  1.907283e+00  -5.135773e-03 
4.550000e-01  1.951882e+00  1.956057e+00  -4.174592e-03 
4.560000e-01  2.002379e+00  2.006853e+00  -4.474372e-03 
4.570000e-01  1.992506e+00  1.997176e+00  -4.670014e-03 
4.580000e-01  1.959621e+00  1.964888e+00  -5.266610e-03 
4.590000e-01  1.951889e+00  1.958982e+00  -7.093193e-03 
4.600000e-01  1.957171e+00  1.964999e+00  -7.828237e-03 
4.610000e-01  1.946385e+00  1.954403e+00  -8.018290e-03 
4.620000e-01  1.974323e+00  1.982071e+00  -7.747440e-03 
4.630000e-01  1.928397e+00  1.935080e+00  -6.682675e-03 
4.640000e-01  1.895939e+00  1.904763e+00  -8.824451e-03 
4.650000e-01  1.868608e+00  1.876795e+00  -8.186718e-03 
4.660000e-01  1.799887e+00  1.807847e+00  -7.959904e-03 
4.670000e-01  1.822416e+00  1.831325e+00  -8.909522e-03 
4.680000e-01  1.835404e+00  1.843085e+00  -7.680440e-03 
4.690000e-01  1.857914e+00  1.864350e+00  -6.435835e-03 
4.700000e-01  1.861338e+00  1.867536e+00  -6.198653e-03 
4.710000e-01  1.862106e+00  1.870596e+00  -8.490217e-03 
4.720000e-01  1.880812e+00  1.890588e+00  -9.776146e-03 
4.730000e-01  1.990513e+00  2.000961e+00  -1.044768e-02 
4.740000e-01  1.961459e+00  1.972627e+00  -1.116802e-02 
4.750000e-01  2.026483e+00  2.037568e+00  -1.108485e-02 
4.760000e-01  2.050313e+00  2.062308e+00  -1.199484e-02 
4.770000e-01  2.029235e+00  2.040590e+00  -1.135455e-02 
4.780000e-01  2.052187e+00  2.063448e+00  -1.126101e-02 
4.790000e-01  2.057874e+00  2.067444e+00  -9.570006e-03 
4.800000e-01  2.059883e+00  2.071742e+00  -1.185876e-02 
4.810000e-01  2.015890e+00  2.027554e+00  -1.166341e-02 
4.820000e-01  2.013511e+00  2.023303e+00  -9.791409e-03 
4.830000e-01  2.011159e+00  2.023005e+00  -1.184581e-02 
4.840000e-01  1.987141e+00  1.998708e+00  -1.156659e-02 
4.850000e-01  1.999829e+00  2.011557e+00  -1.172747e-02 
4.860000e-01  2.065665e+00  2.078060e+00  -1.239524e-02 
4.870000e-01  2.072908e+00  2.083611e+00  -1.070387e-02 
4.880000e-01  2.036096e+00  2.045041e+00  -8.944596e-03 
4.890000e-01  2.010733e+00  2.019273e+00  -8.539633e-03 
4.900000e-01  2.024143e+00  2.032012e+00  -7.868604e-03 
4.910000e-01  1.957102e+00  1.962744e+00  -5.642236e-03 
4.920000e-01  1.947625e+00  1.954363e+00  -6.738172e-03 
4.930000e-01  1.962657e+00  1.968101e+00  -5.444001e-03 
4.940000e-01  1.958262e+00  1.965602e+00  -7.340568e-03 
4.950000e-01  1.944320e+00  1.952806e+00  -8.485748e-03 
4.960000e-01  1.976516e+00  1.986065e+00  -9.549519e-03 
4.970000e-01  2.014969e+00  2.024571e+00  -9.602167e-03 
4.980000e-01  2.002684e+00  2.011894e+00  -9.209880e-03 
4.990000e-01  1.993639e+00  2.002674e+00  -9.034413e-03 
5.000000e-01  1.982427e+00  1.993828e+00  -1.140147e-02 
5.010000e-01  1.988504e+00  2.002019e+00  -1.351543e-02 
5.020000e-01  1.989231e+00  2.002080e+00  -1.284965e-02 
5.030000e-01  2.030941e+00  2.042435e+00  -1.149331e-02 
5.040000e-01  2.070666e+00  2.081453e+00  -1.078716e-02 
5.050000e-01  2.060262e+00  2.070563e+00  -1.030074e-02 
5.060000e-01  2.076131e+00  2.087176e+00  -1.104508e-02 
5.070000e-01  2.073235e+00  2.086339e+00  -1.310408e-02 
5.080000e-01  2.091060e+00  2.104032e+00  -1.297274e-02 
5.090000e-01  2.126377e+00  2.141285e+00  -1.490768e-02 
5.100000e-01  2.074071e+00  2.090292e+00  -1.622062e-02 
5.110000e-01  2.079666e+00  2.096527e+00  -1.686155e-02 
5.120000e-01  2.054426e+00  2.069884e+00  -1.545813e-02 
5.130000e-01  2.021078e+00  2.039552e+00  -1.847330e-02 
5.140000e-01  2.019448e+00  2.038521e+00  -1.907291e-02 
5.150000e-01  2.029060e+00  2.050076e+00  -2.101602e-02 
5.160000e-01  2.008196e+00  2.028456e+00  -2.026007e-02 
5.170000e-01  2.030438e+00  2.049436e+00  -1.899733e-02 
5.180000e-01  2.056128e+00  2.077143e+00  -2.101444e-02 
5.190000e-01  2.082894e+00  2.102937e+00  -2.004286e-02 
5.200000e-01  2.049830e+00  2.070338e+00  -2.050795e-02 
5.210000e-01  2.000616e+00  2.019781e+00  -1.916517e-02 
5.220000e-01  1.957761e+00  1.977398e+00  -1.963658e-02 
5.230000e-01  1.970625e+00  1.991258e+00  -2.063332e-02 
5.240000e-01  1.971625e+00  1.990977e+00  -1.935247e-02 
5.250000e-01  1.983784e+00  2.002926e+00  -1.914262e-02 
5.260000e-01  1.958596e+00  1.978931e+00  -2.033510e-02 
5.270000e-01  1.965028e+00  1.986260e+00  -2.123215e-02 
5.280000e-01  1.984394e+00  2.004090e+00  -1.969511e-02 
5.290000e-01  1.999891e+00  2.019528e+00  -1.963727e-02 
5.300000e-01  1.981870e+00  2.001888e+00  -2.001760e-02 
5.310000e-01  1.996639e+00  2.016278e+00  -1.963918e-02 
5.320000e-01  1.994673e+00  2.012340e+00  -1.766656e-02 
5.330000e-01  1.963207e+00  1.982019e+00  -1.881264e-02 
5.340000e-01  1.937643e+00  1.955902e+00  -1.825846e-02 
5.350000e-01  1.989186e+00  2.009799e+00  -2.061345e-02 
5.360000e-01  2.036832e+00  2.056555e+00  -1.972299e-02 
5.370000e-01  2.028924e+00  2.048378e+00  -1.945386e-02 
5.380000e-01  2.051940e+00  2.071807e+00  -1.986691e-02 
5.390000e-01  2.015872e+00  2.034693e+00  -1.882182e-02 
5.400000e-01  2.032655e+00  2.050834e+00  -1.817902e-02 
5.410000e-01  2.087739e+00  2.105395e+00  -1.765597e-02 
5.420000e-01  2.051666e+00  2.070021e+00  -1.835445e-02 
5.430000e-01  2.119873e+00  2.139336e+00  -1.946373e-02 
5.440000e-01  2.159403e+00  2.180067e+00  -2.066422e-02 
5.450000e-01  2.193176e+00  2.214577e+00  -2.140126e-02 
5.460000e-01  2.247547e+00  2.267364e+00  -1.981710e-02 
5.470000e-01  2.207525e+00  2.227945e+00  -2.042059e-02 
5.480000e-01  2.207168e+00  2.226897e+00  -1.972956e-02 
5.490000e-01  2.185747e+00  2.205011e+00  -1.926342e-02 
5.500000e-01  2.134490e+00  2.153637e+00  -1.914698e-02 
5.510000e-01  2.106733e+00  2.127085e+00  -2.035232e-02 
5.520000e-01  2.102104e+00  2.122028e+00  -1.992426e-02 
5.530000e-01  2.108346e+00  2.128106e+00  -1.975993e-02 
5.540000e-01  2.113546e+00  2.134435e+00  -2.088860e-02 
5.550000e-01  2.122353e+00  2.144651e+00  -2.229834e-02 
5.560000e-01  2.167390e+00  2.189600e+00  -2.221036e-02 
5.570000e-01  2.156715e+00  2.178462e+00  -2.174699e-02 
5.580000e-01  2.125143e+00  2.146313e+00  -2.116919e-02 
5.590000e-01  2.101527e+00  2.122503e+00  -2.097588e-02 
5.600000e-01  2.030529e+00  2.051037e+00  -2.050810e-02 
5.610000e-01  1.997065e+00  2.017951e+00  -2.088616e-02 
5.620000e-01  2.022756e+00  2.042169e+00  -1.941287e-02 
5.630000e-01  2.030207e+00  2.050763e+00  -2.055635e-02 
5.640000e-01  2.039693e+00  2.060482e+00  -2.078889e-02 
5.650000e-01  2.031199e+00  2.052610e+00  -2.141096e-02 
5.660000e-01  1.972897e+00  1.994905e+00  -2.200765e-02 
5.670000e-01  1.996663e+00  2.016331e+00  -1.966845e-02 
5.680000e-01  2.000334e+00  2.018261e+00  -1.792641e-02 
5.690000e-01  1.994771e+00  2.011602e+00  -1.683171e-02 
5.700000e-01  1.989183e+00  2.007388e+00  -1.820474e-02 
5.710000e-01  1.976790e+00  1.997265e+00  -2.047522e-02 
5.720000e-01  2.030755e+00  2.050688e+00  -1.993305e-02 
5.730000e-01  2.056827e+00  2.077505e+00  -2.067768e-02 
5.740000e-01  2.057223e+00  2.080537e+00  -2.331403e-02 
5.750000e-01  2.071503e+00  2.096119e+00  -2.461594e-02 
5.760000e-01  2.082662e+00  2.108224e+00  -2.556215e-02 
5.770000e-01  2.064948e+00  2.092056e+00  -2.710819e-02 
5.780000e-01  2.076746e+00  2.102299e+00  -2.555352e-02 
5.790000e-01  2.049438e+00  2.075394e+00  -2.595595e-02 
5.800000e-01  2.001447e+00  2.027296e+00  -2.584912e-02 
5.810000e-01  1.960573e+00  1.987651e+00  -2.707842e-02 
5.820000e-01  1.915519e+00  1.943963e+00  -2.844381e-02 
5.830000e-01  1.924304e+00  1.953811e+00  -2.950682e-02 
5.840000e-01  1.931877e+00  1.961669e+00  -2.979187e-02 
5.850000e-01  1.858084e+00  1.886669e+00  -2.858525e-02 
5.860000e-01  1.925267e+00  1.953148e+00  -2.788154e-02 
5.870000e-01  1.921977e+00  1.947199e+00  -2.522221e-02 
5.880000e-01  1.899765e+00  1.924444e+00  -2.467899e-02 
5.890000e-01  1.941187e+00  1.966980e+00  -2.579270e-02 
5.900000e-01  1.926655e+00  1.953910e+00  -2.725508e-02 
5.910000e-01  1.939849e+00  1.968570e+00  -2.872084e-02 
5.920000e-01  1.968305e+00  1.997142e+00  -2.883615e-02 
5.930000e-01  2.008838e+00  2.037085e+00  -2.824665e-02 
5.940000e-01  1.990809e+00  2.018915e+00  -2.810559e-02 
5.950000e-01  2.007208e+00  2.035210e+00  -2.800207e-02 
5.960000e-01  1.985719e+00  2.014575e+00  -2.885545e-02 
5.970000e-01  2.006626e+00  2.037542e+00  -3.091522e-02 
5.980000e-01  1.948986e+00  1.980723e+00  -3.173785e-02 
5.990000e-01  1.980601e+00  2.012309e+00  -3.170776e-02 
6.000000e-01  1.969217e+00  2.000817e+00  -3.159947e-02 
6.010000e-01  1.915288e+00  1.946982e+00  -3.169341e-02 
6.020000e-01  1.908972e+00  1.940740e+00  -3.176787e-02 
6.030000e-01  1.919001e+00  1.949600e+00  -3.059918e-02 
6.040000e-01  1.941444e+00  1.972120e+00  -3.067599e-02 
6.050000e-01  2.009782e+00  2.040517e+00  -3.073494e-02 
6.060000e-01  1.997324e+00  2.027721e+00  -3.039689e-02 
6.070000e-01  2.001849e+00  2.033379e+00  -3.153032e-02 
6.080000e-01  2.014040e+00  2.044526e+00  -3.048602e-02 
6.090000e-01  2.012707e+00  2.041530e+00  -2.882316e-02 
6.100000e-01  2.005502e+00  2.034233e+00  -2.873171e-02 
6.110000e-01  2.003278e+00  2.031855e+00  -2.857708e-02 
6.120000e-01  2.037785e+00  2.067397e+00  -2.961205e-02 
6.130000e-01  2.090938e+00  2.122037e+00  -3.109854e-02 
6.140000e-01  2.095940e+00  2.126384e+00  -3.044388e-02 
6.150000e-01  2.076329e+00  2.106112e+00  -2.978279e-02 
6.160000e-01  2.101190e+00  2.130210e+00  -2.902042e-02 
6.170000e-01  2.061076e+00  2.090216e+00  -2.913999e-02 
6.180000e-01  2.037989e+00  2.066438e+00  -2.844823e-02 
6.190000e-01  2.055999e+00  2.084030e+00  -2.803156e-02 
6.200000e-01  2.064334e+00  2.092005e+00  -2.767070e-02 
6.210000e-01  2.082169e+00  2.111006e+00  -2.883633e-02 
6.220000e-01  2.101048e+00  2.130232e+00  -2.918337e-02 
6.230000e-01  2.126782e+00  2.158067e+00  -3.128500e-02 
6.240000e-01  2.153249e+00  2.185801e+00  -3.255250e-02 
6.250000e-01  2.149822e+00  2.182890e+00  -3.306815e-02 
6.260000e-01  2.182584e+00  2.216408e+00  -3.382415e-02 
6.270000e-01  2.214586e+00  2.248347e+00  -3.376059e-02 
6.280000e-01  2.174990e+00  2.209858e+00  -3.486785e-02 
6.290000e-01  2.184922e+00  2.218052e+00  -3.312987e-02 
6.300000e-01  2.167008e+00  2.199269e+00  -3.226189e-02 
6.310000e-01  2.166503e+00  2.198560e+00  -3.205671e-02 
6.320000e-01  2.159753e+00  2.192940e+00  -3.318685e-02 
6.330000e-01  2.184405e+00  2.220693e+00  -3.628845e-02 
6.340000e-01  2.199148e+00  2.236005e+00  -3.685716e-02 
6.350000e-01  2.197183e+00  2.234827e+00  -3.764366e-02 
6.360000e-01  2.187014e+00  2.223992e+00  -3.697840e-02 
6.370000e-01  2.116401e+00  2.153785e+00  -3.738338e-02 
6.380000e-01  2.093251e+00  2.130711e+00  -3.745989e-02 
6.390000e-01  2.051881e+00  2.090000e+00  -3.811904e-02 
6.400000e-01  2.061905e+00  2.101035e+00  -3.913039e-02 
6.410000e-01  2.044667e+00  2.085257e+00  -4.058959e-02 
6.420000e-01  1.973440e+00  2.014078e+00  -4.063822e-02 
6.430000e-01  1.966044e+00  2.006270e+00  -4.022580e-02 
6.440000e-01  1.967096e+00  2.006360e+00  -3.926426e-02 
6.450000e-01  1.944538e+00  1.983355e+00  -3.881749e-02 
6.460000e-01  1.943644e+00  1.984074e+00  -4.042953e-02 
6.470000e-01  1.919529e+00  1.961059e+00  -4.153079e-02 
6.480000e-01  1.858693e+00  1.899481e+00  -4.078738e-02 
6.490000e-01  1.904426e+00  1.945509e+00  -4.108252e-02 
6.500000e-01  1.855826e+00  1.898155e+00  -4.232887e-02 
6.510000e-01  1.833912e+00  1.876104e+00  -4.219287e-02 
6.520000e-01  1.808688e+00  1.851293e+00  -4.260493e-02 
6.530000e-01  1.854130e+00  1.895805e+00  -4.167508e-02 
6.540000e-01  1.870014e+00  1.911497e+00  -4.148341e-02 
6.550000e-01  1.817404e+00  1.859246e+00  -4.184192e-02 
6.560000e-01  1.843794e+00  1.884990e+00  -4.119659e-02 
6.570000e-01  1.778548e+00  1.819651e+00  -4.110255e-02 
6.580000e-01  1.733130e+00  1.774736e+00  -4.160575e-02 
6.590000e-01  1.774668e+00  1.815872e+00  -4.120422e-02 
6.600000e-01  1.745500e+00  1.785599e+00  -4.009879e-02 
6.610000e-01  1.724884e+00  1.766001e+00  -4.111689e-02 
6.620000e-01  1.750834e+00  1.791911e+00  -4.107688e-02 
6.630000e-01  1.720043e+00  1.762094e+00  -4.205085e-02 
6.640000e-01  1.714863e+00  1.755432e+00  -4.056935e-02 
6.650000e-01  1.690966e+00  1.732151e+00  -4.118468e-02 
6.660000e-01  1.654284e+00  1.694088e+00  -3.980415e-02 
6.670000e-01  1.703890e+00  1.743294e+00  -3.940406e-02 
6.680000e-01  1.690933e+00  1.727838e+00  -3.690444e-02 
6.690000e-01  1.673498e+00  1.709403e+00  -3.590528e-02 
6.700000e-01  1.696977e+00  1.733457e+00  -3.648010e-02 
6.710000e-01  1.711307e+00  1.747554e+00  -3.624698e-02 
6.720000e-01  1.712869e+00  1.748315e+00  -3.544593e-02 
6.730000e-01  1.682771e+00  1.719055e+00  -3.628400e-02 
6.740000e-01  1.691161e+00  1.726626e+00  -3.546531e-02 
6.750000e-01  1.754952e+00  1.789999e+00  -3.504658e-02 
6.760000e-01  1.769841e+00  1.802335e+00  -3.249409e-02 
6.770000e-01  1.712122e+00  1.741833e+00  -2.971130e-02 
6.780000e-01  1.745746e+00  1.774578e+00  -2.883214e-02 
6.790000e-01  1.742662e+00  1.771643e+00  -2.898079e-02 
6.800000e-01  1.697586e+00  1.726273e+00  -2.868706e-02 
6.810000e-01  1.668053e+00  1.696918e+00  -2.886431e-02 
6.820000e-01  1.641556e+00  1.670486e+00  -2.893019e-02 
6.830000e-01  1.681269e+00  1.708755e+00  -2.748658e-02 
6.840000e-01  1.666165e+00  1.693741e+00  -2.757512e-02 
6.850000e-01  1.628153e+00  1.654246e+00  -2.609251e-02 
6.860000e-01  1.588751e+00  1.613173e+00  -2.442176e-02 
6.870000e-01  1.612811e+00  1.636816e+00  -2.400510e-02 
6.880000e-01  1.626136e+00  1.650208e+00  -2.407210e-02 
6.890000e-01  1.580024e+00  1.603706e+00  -2.368176e-02 
6.900000e-01  1.537994e+00  1.561396e+00  -2.340145e-02 
6.910000e-01  1.488757e+00  1.511210e+00  -2.245318e-02 
6.920000e-01  1.549133e+00  1.571682e+00  -2.254910e-02 
6.930000e-01  1.556587e+00  1.579868e+00  -2.328050e-02 
6.940000e-01  1.575297e+00  1.598568e+00  -2.327056e-02 
6.950000e-01  1.591708e+00  1.615110e+00  -2.340215e-02 
6.960000e-01  1.582171e+00  1.605619e+00  -2.344866e-02 
6.970000e-01  1.609342e+00  1.634314e+00  -2.497129e-02 
6.980000e-01  1.580875e+00  1.606501e+00  -2.562614e-02 
6.990000e-01  1.613417e+00  1.638455e+00  -2.503806e-02 
7.000000e-01  1.579514e+00  1.605463e+00  -2.594828e-02 
7.010000e-01  1.638245e+00  1.664391e+00  -2.614634e-02 
7.020000e-01  1.654619e+00  1.678534e+00  -2.391443e-02 
7.030000e-01  1.677997e+00  1.702666e+00  -2.466980e-02 
7.040000e-01  1.667563e+00  1.692590e+00  -2.502760e-02 
7.050000e-01  1.592658e+00  1.618006e+00  -2.534734e-02 
7.060000e-01  1.556962e+00  1.582945e+00  -2.598276e-02 
7.070000e-01  1.568831e+00  1.595082e+00  -2.625099e-02 
7.080000e-01  1.580260e+00  1.607409e+00  -2.714840e-02 
7.090000e-01  1.545230e+00  1.572261e+00  -2.703139e-02 
7.100000e-01  1.533617e+00  1.560892e+00  -2.727473e-02 
7.110000e-01  1.560259e+00  1.588389e+00  -2.812991e-02 
7.120000e-01  1.566950e+00  1.593700e+00  -2.675082e-02 
7.130000e-01  1.566076e+00  1.591293e+00  -2.521669e-02 
7.140000e-01  1.588267e+00  1.614040e+00  -2.577266e-02 
7.150000e-01  1.547824e+00  1.574055e+00  -2.623075e-02 
7.160000e-01  1.548949e+00  1.575456e+00  -2.650707e-02 
7.170000e-01  1.494246e+00  1.519148e+00  -2.490155e-02 
7.180000e-01  1.447444e+00  1.472163e+00  -2.471897e-02 
7.190000e-01  1.410208e+00  1.433658e+00  -2.344999e-02 
7.200000e-01  1.416912e+00  1.440646e+00  -2.373420e-02 
7.210000e-01  1.404241e+00  1.428346e+00  -2.410479e-02 
7.220000e-01  1.396818e+00  1.420532e+00  -2.371395e-02 
7.230000e-01  1.434548e+00  1.458767e+00  -2.421933e-02 
7.240000e-01  1.410748e+00  1.435182e+00  -2.443358e-02 
7.250000e-01  1.428466e+00  1.452855e+00  -2.438926e-02 
7.260000e-01  1.463839e+00  1.488284e+00  -2.444545e-02 
7.270000e-01  1.554549e+00  1.579865e+00  -2.531638e-02 
7.280000e-01  1.512726e+00  1.539161e+00  -2.643487e-02 
7.290000e-01  1.466031e+00  1.493418e+00  -2.738727e-02 
7.300000e-01  1.487975e+00  1.515808e+00  -2.783291e-02 
7.310000e-01  1.483238e+00  1.511504e+00  -2.826588e-02 
7.320000e-01  1.497168e+00  1.526391e+00  -2.922351e-02 
7.330000e-01  1.506910e+00  1.534215e+00  -2.730491e-02 
7.340000e-01  1.499396e+00  1.526536e+00  -2.714042e-02 
7.350000e-01  1.498581e+00  1.525269e+00  -2.668826e-02 
7.360000e-01  1.452590e+00  1.478721e+00  -2.613046e-02 
7.370000e-01  1.448366e+00  1.473841e+00  -2.547488e-02 
7.380000e-01  1.430687e+00  1.456706e+00  -2.601938e-02 
7.390000e-01  1.437039e+00  1.461620e+00  -2.458111e-02 
7.400000e-01  1.392270e+00  1.416677e+00  -2.440765e-02 
7.410000e-01  1.388810e+00  1.413210e+00  -2.439998e-02 
7.420000e-01  1.396460e+00  1.419888e+00  -2.342851e-02 
7.430000e-01  1.351893e+00  1.374826e+00  -2.293338e-02 
7.440000e-01  1.391149e+00  1.414459e+00  -2.331051e-02 
7.450000e-01  1.385655e+00  1.408602e+00  -2.294772e-02 
7.460000e-01  1.401464e+00  1.424313e+00  -2.284888e-02 
7.470000e-01  1.385399e+00  1.409253e+00  -2.385383e-02 
7.480000e-01  1.389511e+00  1.413496e+00  -2.398469e-02 
7.490000e-01  1.411721e+00  1.435363e+00  -2.364190e-02 
7.500000e-01  1.415658e+00  1.441005e+00  -2.534725e-02 
7.510000e-01  1.394340e+00  1.419501e+00  -2.516061e-02 
7.520000e-01  1.436759e+00  1.462257e+00  -2.549813e-02 
7.530000e-01  1.404949e+00  1.431849e+00  -2.690028e-02 
7.540000e-01  1.403747e+00  1.429927e+00  -2.618050e-02 
7.550000e-01  1.446431e+00  1.472303e+00  -2.587243e-02 
7.560000e-01  1.472024e+00  1.497736e+00  -2.571187e-02 
7.570000e-01  1.465933e+00  1.491633e+00  -2.569961e-02 
7.580000e-01  1.439200e+00  1.464146e+00  -2.494670e-02 
7.590000e-01  1.393303e+00  1.419328e+00  -2.602566e-02 
7.600000e-01  1.424815e+00  1.450232e+00  -2.541758e-02 
7.610000e-01  1.454547e+00  1.479307e+00  -2.475998e-02 
7.620000e-01  1.486974e+00  1.511201e+00  -2.422652e-02 
7.630000e-01  1.477764e+00  1.500215e+00  -2.245087e-02 
7.640000e-01  1.527744e+00  1.550040e+00  -2.229688e-02 
7.650000e-01  1.519217e+00  1.541525e+00  -2.230790e-02 
7.660000e-01  1.560043e+00  1.581426e+00  -2.138287e-02 
7.670000e-01  1.565531e+00  1.587339e+00  -2.180806e-02 
7.680000e-01  1.561433e+00  1.583980e+00  -2.254689e-02 
7.690000e-01  1.568081e+00  1.592062e+00  -2.398132e-02 
7.700000e-01  1.565951e+00  1.590279e+00  -2.432764e-02 
7.710000e-01  1.575019e+00  1.599172e+00  -2.415366e-02 
7.720000e-01  1.567730e+00  1.591406e+00  -2.367577e-02 
7.730000e-01  1.572288e+00  1.595726e+00  -2.343894e-02 
7.740000e-01  1.548776e+00  1.571270e+00  -2.249323e-02 
7.750000e-01  1.557472e+00  1.580157e+00  -2.268447e-02 
7.760000e-01  1.562564e+00  1.585298e+00  -2.273405e-02 
7.770000e-01  1.528461e+00  1.550372e+00  -2.191065e-02 
7.780000e-01  1.544736e+00  1.566464e+00  -2.172747e-02 
7.790000e-01  1.545442e+00  1.567486e+00  -2.204360e-02 
7.800000e-01  1.604730e+00  1.626223e+00  -2.149304e-02 
7.810000e-01  1.575789e+00  1.596098e+00  -2.030906e-02 
7.820000e-01  1.557030e+00  1.576183e+00  -1.915288e-02 
7.830000e-01  1.577599e+00  1.596167e+00  -1.856808e-02 
7.840000e-01  1.640527e+00  1.658688e+00  -1.816084e-02 
7.850000e-01  1.596674e+00  1.613405e+00  -1.673083e-02 
7.860000e-01  1.589382e+00  1.605544e+00  -1.616215e-02 
7.870000e-01  1.585330e+00  1.601608e+00  -1.627733e-02 
7.880000e-01  1.596797e+00  1.610183e+00  -1.338625e-02 
7.890000e-01  1.520998e+00  1.534537e+00  -1.353880e-02 
7.900000e-01  1.486697e+00  1.500223e+00  -1.352571e-02 
7.910000e-01  1.450665e+00  1.464892e+00  -1.422752e-02 
7.920000e-01  1.444117e+00  1.458632e+00  -1.451559e-02 
7.930000e-01  1.447786e+00  1.461878e+00  -1.409235e-02 
7.940000e-01  1.385160e+00  1.400155e+00  -1.499471e-02 
7.950000e-01  1.380465e+00  1.395451e+00  -1.498521e-02 
7.960000e-01  1.313435e+00  1.328369e+00  -1.493432e-02 
7.970000e-01  1.310699e+00  1.327796e+00  -1.709727e-02 
7.980000e-01  1.293140e+00  1.311593e+00  -1.845308e-02 
7.990000e-01  1.345224e+00  1.363277e+00  -1.805315e-02 
8.000000e-01  1.337455e+00  1.356224e+00  -1.876952e-02 
8.010000e-01  1.357054e+00  1.375915e+00  -1.886156e-02 
8.020000e-01  1.360956e+00  1.378752e+00  -1.779581e-02 
8.030000e-01  1.362364e+00  1.379896e+00  -1.753264e-02 
8.040000e-01  1.399732e+00  1.416869e+00  -1.713622e-02 
8.050000e-01  1.420983e+00  1.438350e+00  -1.736661e-02 
8.060000e-01  1.404056e+00  1.422304e+00  -1.824801e-02 
8.070000e-01  1.351283e+00  1.370161e+00  -1.887766e-02 
8.080000e-01  1.321873e+00  1.341038e+00  -1.916501e-02 
8.090000e-01  1.355334e+00  1.374983e+00  -1.964929e-02 
8.100000e-01  1.358012e+00  1.377043e+00  -1.903090e-02 
8.110000e-01  1.335263e+00  1.354188e+00  -1.892490e-02 
8.120000e-01  1.332221e+00  1.351686e+00  -1.946566e-02 
8.130000e-01  1.355242e+00  1.373627e+00  -1.838503e-02 
8.140000e-01  1.329159e+00  1.347977e+00  -1.881832e-02 
8.150000e-01  1.370889e+00  1.389661e+00  -1.877201e-02 
8.160000e-01  1.439875e+00  1.459019e+00  -1.914431e-02 
8.170000e-01  1.393053e+00  1.412137e+00  -1.908418e-02 
8.180000e-01  1.380834e+00  1.399754e+00  -1.891989e-02 
8.190000e-01  1.363404e+00  1.381973e+00  -1.856893e-02 
8.200000e-01  1.317723e+00  1.337510e+00  -1.978714e-02 
8.210000e-01  1.391788e+00  1.410993e+00  -1.920463e-02 
8.220000e-01  1.388781e+00  1.406886e+00  -1.810493e-02 
8.230000e-01  1.419309e+00  1.437302e+00  -1.799220e-02 
8.240000e-01  1.416014e+00  1.434857e+00  -1.884291e-02 
8.250000e-01  1.390708e+00  1.408754e+00  -1.804593e-02 
8.260000e-01  1.387559e+00  1.406717e+00  -1.915763e-02 
8.270000e-01  1.425406e+00  1.443272e+00  -1.786622e-02 
8.280000e-01  1.358541e+00  1.376698e+00  -1.815722e-02 
8.290000e-01  1.319784e+00  1.338362e+00  -1.857835e-02 
8.300000e-01  1.296213e+00  1.314865e+00  -1.865189e-02 
8.310000e-01  1.254323e+00  1.272424e+00  -1.810081e-02 
8.320000e-01  1.270282e+00  1.287642e+00  -1.735998e-02 
8.330000e-01  1.236154e+00  1.253218e+00  -1.706365e-02 
8.340000e-01  1.265158e+00  1.281284e+00  -1.612541e-02 
8.350000e-01  1.227694e+00  1.243288e+00  -1.559473e-02 
8.360000e-01  1.188596e+00  1.204360e+00  -1.576397e-02 
8.370000e-01  1.217768e+00  1.233496e+00  -1.572751e-02 
8.380000e-01  1.180889e+00  1.197156e+00  -1.626698e-02 
8.390000e-01  1.184407e+00  1.200112e+00  -1.570432e-02 
8.400000e-01  1.199779e+00  1.216205e+00  -1.642658e-02 
8.410000e-01  1.177406e+00  1.192826e+00  -1.542027e-02 
8.420000e-01  1.148926e+00  1.164879e+00  -1.595273e-02 
8.430000e-01  1.194515e+00  1.210462e+00  -1.594669e-02 
8.440000e-01  1.164773e+00  1.180638e+00  -1.586488e-02 
8.450000e-01  1.165143e+00  1.180560e+00  -1.541748e-02 
8.460000e-01  1.187934e+00  1.203378e+00  -1.544379e-02 
8.470000e-01  1.210313e+00  1.225883e+00  -1.556984e-02 
8.480000e-01  1.236860e+00  1.252516e+00  -1.565657e-02 
8.490000e-01  1.177162e+00  1.192640e+00  -1.547873e-02 
8.500000e-01  1.170904e+00  1.186835e+00  -1.593079e-02 
8.510000e-01  1.161962e+00  1.177672e+00  -1.571045e-02 
8.520000e-01  1.128401e+00  1.144962e+00  -1.656127e-02 
8.530000e-01  1.116853e+00  1.133716e+00  -1.686256e-02 
8.540000e-01  1.094915e+00  1.112353e+00  -1.743885e-02 
8.550000e-01  1.104861e+00  1.120847e+00  -1.598644e-02 
8.560000e-01  1.075491e+00  1.091290e+00  -1.579924e-02 
8.570000e-01  1.067413e+00  1.083047e+00  -1.563413e-02 
8.580000e-01  1.046024e+00  1.062305e+00  -1.628070e-02 
8.590000e-01  1.055536e+00  1.071583e+00  -1.604678e-02 
8.600000e-01  1.116761e+00  1.133883e+00  -1.712206e-02 
8.610000e-01  1.124896e+00  1.143229e+00  -1.833383e-02 
8.620000e-01  1.140691e+00  1.159094e+00  -1.840254e-02 
8.630000e-01  1.145376e+00  1.163777e+00  -1.840124e-02 
8.640000e-01  1.189095e+00  1.208131e+00  -1.903587e-02 
8.650000e-01  1.183130e+00  1.202780e+00  -1.964981e-02 
8.660000e-01  1.181292e+00  1.199454e+00  -1.816237e-02 
8.670000e-01  1.173974e+00  1.192308e+00  -1.833303e-02 
8.680000e-01  1.213164e+00  1.231272e+00  -1.810723e-02 
8.690000e-01  1.243384e+00  1.262406e+00  -1.902209e-02 
8.700000e-01  1.225784e+00  1.244523e+00  -1.873952e-02 
8.710000e-01  1.233996e+00  1.252277e+00  -1.828052e-02 
8.720000e-01  1.250138e+00  1.268899e+00  -1.876060e-02 
8.730000e-01  1.275484e+00  1.293901e+00  -1.841740e-02 
8.740000e-01  1.289645e+00  1.308005e+00  -1.835999e-02 
8.750000e-01  1.278696e+00  1.296218e+00  -1.752254e-02 
8.760000e-01  1.280569e+00  1.299173e+00  -1.860396e-02 
8.770000e-01  1.269841e+00  1.288374e+00  -1.853264e-02 
8.780000e-01  1.327331e+00  1.346598e+00  -1.926743e-02 
8.790000e-01  1.293822e+00  1.312224e+00  -1.840195e-02 
8.800000e-01  1.317130e+00  1.335098e+00  -1.796852e-02 
8.810000e-01  1.357472e+00  1.375403e+00  -1.793126e-02 
8.820000e-01  1.383510e+00  1.401254e+00  -1.774414e-02 
8.830000e-01  1.391630e+00  1.410933e+00  -1.930376e-02 
8.840000e-01  1.397877e+00  1.418134e+00  -2.025697e-02 
8.850000e-01  1.391234e+00  1.412524e+00  -2.128986e-02 
8.860000e-01  1.420740e+00  1.442916e+00  -2.217602e-02 
8.870000e-01  1.407958e+00  1.430049e+00  -2.209080e-02 
8.880000e-01  1.452183e+00  1.473632e+00  -2.144859e-02 
8.890000e-01  1.455139e+00  1.476506e+00  -2.136632e-02 
8.900000e-01  1.389663e+00  1.411002e+00  -2.133899e-02 
8.910000e-01  1.362128e+00  1.384141e+00  -2.201354e-02 
8.920000e-01  1.377332e+00  1.399706e+00  -2.237388e-02 
8.930000e-01  1.388091e+00  1.411133e+00  -2.304270e-02 
8.940000e-01  1.354870e+00  1.378103e+00  -2.323298e-02 
8.950000e-01  1.369613e+00  1.391844e+00  -2.223158e-02 
8.960000e-01  1.413766e+00  1.436826e+00  -2.305996e-02 
8.970000e-01  1.498617e+00  1.521025e+00  -2.240799e-02 
8.980000e-01  1.508266e+00  1.528965e+00  -2.069836e-02 
8.990000e-01  1.479523e+00  1.501984e+00  -2.246119e-02 
9.000000e-01  1.478666e+00  1.501470e+00  -2.280370e-02 
9.010000e-01  1.452550e+00  1.476800e+00  -2.425014e-02 
9.020000e-01  1.483700e+00  1.508730e+00  -2.502982e-02 
9.030000e-01  1.404010e+00  1.428747e+00  -2.473693e-02 
9.040000e-01  1.382459e+00  1.407350e+00  -2.489172e-02 
9.050000e-01  1.379360e+00  1.404505e+00  -2.514550e-02 
9.060000e-01  1.391064e+00  1.415408e+00  -2.434391e-02 
9.070000e-01  1.467092e+00  1.492032e+00  -2.494034e-02 
9.080000e-01  1.465437e+00  1.490171e+00  -2.473410e-02 
9.090000e-01  1.411992e+00  1.436338e+00  -2.434546e-02 
9.100000e-01  1.410135e+00  1.432823e+00  -2.268728e-02 
9.110000e-01  1.395162e+00  1.416861e+00  -2.169909e-02 
9.120000e-01  1.434892e+00  1.456423e+00  -2.153086e-02 
9.130000e-01  1.415260e+00  1.436409e+00  -2.114946e-02 
9.140000e-01  1.423267e+00  1.445450e+00  -2.218301e-02 
9.150000e-01  1.369030e+00  1.391312e+00  -2.228120e-02 
9.160000e-01  1.376901e+00  1.398969e+00  -2.206785e-02 
9.170000e-01  1.401329e+00  1.423610e+00  -2.228176e-02 
9.180000e-01  1.424882e+00  1.446950e+00  -2.206770e-02 
9.190000e-01  1.419506e+00  1.439741e+00  -2.023470e-02 
9.200000e-01  1.390957e+00  1.410305e+00  -1.934724e-02 
9.210000e-01  1.369528e+00  1.388512e+00  -1.898416e-02 
9.220000e-01  1.381652e+00  1.400317e+00  -1.866474e-02 
9.230000e-01  1.395526e+00  1.414476e+00  -1.894971e-02 
9.240000e-01  1.358671e+00  1.378311e+00  -1.964034e-02 
9.250000e-01  1.313923e+00  1.332865e+00  -1.894221e-02 
9.260000e-01  1.298833e+00  1.317702e+00  -1.886899e-02 
9.270000e-01  1.276703e+00  1.295287e+00  -1.858336e-02 
9.280000e-01  1.286400e+00  1.304687e+00  -1.828729e-02 
9.290000e-01  1.310545e+00  1.329940e+00  -1.939492e-02 
9.300000e-01  1.288673e+00  1.308941e+00  -2.026793e-02 
9.310000e-01  1.309372e+00  1.329704e+00  -2.033202e-02 
9.320000e-01  1.322492e+00  1.341181e+00  -1.868969e-02 
9.330000e-01  1.301867e+00  1.319527e+00  -1.766031e-02 
9.340000e-01  1.267877e+00  1.286525e+00  -1.864811e-02 
9.350000e-01  1.232800e+00  1.251072e+00  -1.827197e-02 
9.360000e-01  1.233506e+00  1.251778e+00  -1.827289e-02 
9.370000e-01  1.260916e+00  1.280153e+00  -1.923641e-02 
9.380000e-01  1.289329e+00  1.308790e+00  -1.946044e-02 
9.390000e-01  1.266616e+00  1.287665e+00  -2.104901e-02 
9.400000e-01  1.285881e+00  1.306816e+00  -2.093510e-02 
9.410000e-01  1.289897e+00  1.310740e+00  -2.084274e-02 
9.420000e-01  1.312135e+00  1.331843e+00  -1.970855e-02 
9.430000e-01  1.362490e+00  1.383231e+00  -2.074052e-02 
9.440000e-01  1.423746e+00  1.445278e+00  -2.153217e-02 
9.450000e-01  1.410873e+00  1.433172e+00  -2.229919e-02 
9.460000e-01  1.378777e+00  1.400659e+00  -2.188182e-02 
9.470000e-01  1.396294e+00  1.417618e+00  -2.132452e-02 
9.480000e-01  1.379537e+00  1.400469e+00  -2.093123e-02 
9.490000e-01  1.384478e+00  1.404007e+00  -1.952895e-02 
9.500000e-01  1.438060e+00  1.456297e+00  -1.823689e-02 
9.510000e-01  1.442254e+00  1.460421e+00  -1.816700e-02 
9.520000e-01  1.460305e+00  1.477775e+00  -1.747015e-02 
9.530000e-01  1.417278e+00  1.433535e+00  -1.625713e-02 
9.540000e-01  1.377699e+00  1.394405e+00  -1.670563e-02 
9.550000e-01  1.384184e+00  1.401054e+00  -1.687030e-02 
9.560000e-01  1.391749e+00  1.409946e+00  -1.819603e-02 
9.570000e-01  1.328714e+00  1.349541e+00  -2.082695e-02 
9.580000e-01  1.356659e+00  1.377573e+00  -2.091450e-02 
9.590000e-01  1.343383e+00  1.365569e+00  -2.218551e-02 
9.600000e-01  1.336393e+00  1.359127e+00  -2.273414e-02 
9.610000e-01  1.295507e+00  1.317468e+00  -2.196065e-02 
9.620000e-01  1.337759e+00  1.360028e+00  -2.226857e-02 
9.630000e-01  1.403009e+00  1.426542e+00  -2.353305e-02 
9.640000e-01  1.391689e+00  1.413973e+00  -2.228455e-02 
9.650000e-01  1.384948e+00  1.408429e+00  -2.348038e-02 
9.660000e-01  1.414597e+00  1.437437e+00  -2.283979e-02 
9.670000e-01  1.344617e+00  1.367400e+00  -2.278282e-02 
9.680000e-01  1.321222e+00  1.342951e+00  -2.172957e-02 
9.690000e-01  1.286771e+00  1.308287e+00  -2.151621e-02 
9.700000e-01  1.258728e+00  1.280027e+00  -2.129995e-02 
9.710000e-01  1.296929e+00  1.317977e+00  -2.104835e-02 
9.720000e-01  1.273455e+00  1.294533e+00  -2.107803e-02 
9.730000e-01  1.346719e+00  1.368759e+00  -2.204080e-02 
9.740000e-01  1.357198e+00  1.378610e+00  -2.141209e-02 
9.750000e-01  1.355730e+00  1.378239e+00  -2.250825e-02 
9.760000e-01  1.304443e+00  1.326994e+00  -2.255109e-02 
9.770000e-01  1.306003e+00  1.329456e+00  -2.345299e-02 
9.780000e-01  1.318481e+00  1.343314e+00  -2.483287e-02 
9.790000e-01  1.354682e+00  1.380327e+00  -2.564524e-02 
9.800000e-01  1.360776e+00  1.386606e+00  -2.582948e-02 
9.810000e-01  1.348776e+00  1.374717e+00  -2.594055e-02 
9.820000e-01  1.418258e+00  1.444093e+00  -2.583542e-02 
9.830000e-01  1.395292e+00  1.422035e+00  -2.674337e-02 
9.840000e-01  1.395547e+00  1.421662e+00  -2.611509e-02 
9.850000e-01  1.435583e+00  1.460470e+00  -2.488641e-02 
9.860000e-01  1.445632e+00  1.471662e+00  -2.602974e-02 
9.870000e-01  1.406677e+00  1.432489e+00  -2.581146e-02 
9.880000e-01  1.413907e+00  1.439851e+00  -2.594419e-02 
9.890000e-01  1.459332e+00  1.484630e+00  -2.529843e-02 
9.900000e-01  1.464994e+00  1.490402e+00  -2.540771e-02 
9.910000e-01  1.409449e+00  1.435520e+00  -2.607012e-02 
9.920000e-01  1.441468e+00  1.467607e+00  -2.613911e-02 
9.930000e-01  1.484695e+00  1.511015e+00  -2.631988e-02 
9.940000e-01  1.479067e+00  1.504799e+00  -2.573219e-02 
9.950000e-01  1.466947e+00  1.492620e+00  -2.567316e-02 
9.960000e-01  1.490177e+00  1.516927e+00  -2.674970e-02 
9.970000e-01  1.441094e+00  1.469585e+00  -2.849059e-02 
9.980000e-01  1.415041e+00  1.441427e+00  -2.638555e-02 
9.990000e-01  1.394931e+00  1.421730e+00  -2.679873e-02 
