0.000000e+00  1.000000e+00  1.000000e+00  0.000000e+00 
1.000000e-03  9.934334e-01  9.839160e-01  9.517372e-03 
2.000000e-03  9.948807e-01  9.829160e-01  1.196469e-02 
3.000000e-03  9.438548e-01  9.306764e-01  1.317841e-02 
4.000000e-03  9.483410e-01  9.254202e-01  2.292082e-02 
5.000000e-03  9.489844e-01  9.252717e-01  2.371274e-02 
6.000000e-03  9.712601e-01  9.512235e-01  2.003657e-02 
7.000000e-03  9.926551e-01  9.734851e-01  1.917001e-02 
8.000000e-03  9.931097e-01  9.756033e-01  1.750644e-02 
9.000000e-03  9.892769e-01  9.768570e-01  1.241987e-02 
1.000000e-02  9.757972e-01  9.674309e-01  8.366307e-03 
1.100000e-02  9.703933e-01  9.490340e-01  2.135932e-02 
1.200000e-02  9.543240e-01  9.314059e-01  2.291809e-02 
1.300000e-02  1.022557e+00  9.924652e-01  3.009162e-02 
1.400000e-02  1.008172e+00  9.855059e-01  2.266640e-02 
1.500000e-02  1.074907e+00  1.056709e+00  1.819830e-02 
1.600000e-02  1.059728e+00  1.044708e+00  1.502046e-02 
1.700000e-02  1.070464e+00  1.052667e+00  1.779714e-02 
1.800000e-02  1.077926e+00  1.058306e+00  1.962065e-02 
1.900000e-02  1.127288e+00  1.111912e+00  1.537549e-02 
2.000000e-02  1.176442e+00  1.154614e+00  2.182856e-02 
2.100000e-02  1.208885e+00  1.180949e+00  2.793597e-02 
2.200000e-02  1.235549e+00  1.208152e+00  2.739737e-02 
2.300000e-02  1.200795e+00  1.165149e+00  3.564667e-02 
2.400000e-02  1.215405e+00  1.174105e+00  4.130001e-02 
2.500000e-02  1.206936e+00  1.164369e+00  4.256641e-02 
2.600000e-02  1.256459e+00  1.210416e+00  4.604344e-02 
2.700000e-02  1.220124e+00  1.174628e+00  4.549635e-02 
2.800000e-02  1.200945e+00  1.147141e+00  5.380420e-02 
2.900000e-02  1.185139e+00  1.128302e+00  5.683613e-02 
3.000000e-02  1.193976e+00  1.139750e+00  5.422637e-02 
3.100000e-02  1.196736e+00  1.143022e+00  5.371418e-02 
3.200000e-02  1.199632e+00  1.143714e+00  5.591770e-02 
3.300000e-02  1.196682e+00  1.141602e+00  5.508030e-02 
3.400000e-02  1.199511e+00  1.143907e+00  5.560373e-02 
3.500000e-02  1.198354e+00  1.144018e+00  5.433613e-02 
3.600000e-02  1.197917e+00  1.153066e+00  4.485125e-02 
3.700000e-02  1.215726e+00  1.176437e+00  3.928885e-02 
3.800000e-02  1.220548e+00  1.167343e+00  5.320580e-02 
3.900000e-02  1.222194e+00  1.168477e+00  5.371686e-02 
4.000000e-02  1.293514e+00  1.231434e+00  6.208020e-02 
4.100000e-02  1.339246e+00  1.280463e+00  5.878230e-02 
4.200000e-02  1.373813e+00  1.314740e+00  5.907330e-02 
4.300000e-02  1.393927e+00  1.332165e+00  6.176145e-02 
4.400000e-02  1.409089e+00  1.343332e+00  6.575720e-02 
4.500000e-02  1.365890e+00  1.301732e+00  6.415865e-02 
4.600000e-02  1.325678e+00  1.252954e+00  7.272385e-02 
4.700000e-02  1.274968e+00  1.201570e+00  7.339810e-02 
4.800000e-02  1.266084e+00  1.195063e+00  7.102099e-02 
4.900000e-02  1.266418e+00  1.199016e+00  6.740143e-02 
5.000000e-02  1.211429e+00  1.147974e+00  6.345448e-02 
5.100000e-02  1.195157e+00  1.140100e+00  5.505648e-02 
5.200000e-02  1.182350e+00  1.122934e+00  5.941632e-02 
5.300000e-02  1.221835e+00  1.164350e+00  5.748464e-02 
5.400000e-02  1.248927e+00  1.201155e+00  4.777133e-02 
5.500000e-02  1.214030e+00  1.168316e+00  4.571436e-02 
5.600000e-02  1.215394e+00  1.169523e+00  4.587126e-02 
5.700000e-02  1.246233e+00  1.200677e+00  4.555587e-02 
5.800000e-02  1.257923e+00  1.208763e+00  4.915984e-02 
5.900000e-02  1.354175e+00  1.317072e+00  3.710337e-02 
6.000000e-02  1.334258e+00  1.300775e+00  3.348303e-02 
6.100000e-02  1.355695e+00  1.324676e+00  3.101928e-02 
6.200000e-02  1.347107e+00  1.304232e+00  4.287508e-02 
6.300000e-02  1.319198e+00  1.268019e+00  5.117899e-02 
6.400000e-02  1.336467e+00  1.285457e+00  5.101005e-02 
6.500000e-02  1.365725e+00  1.305107e+00  6.061770e-02 
6.600000e-02  1.297510e+00  1.255718e+00  4.179160e-02 
6.700000e-02  1.330345e+00  1.293296e+00  3.704997e-02 
6.800000e-02  1.332388e+00  1.288370e+00  4.401794e-02 
6.900000e-02  1.380620e+00  1.338324e+00  4.229578e-02 
7.000000e-02  1.462639e+00  1.415237e+00  4.740185e-02 
7.100000e-02  1.470180e+00  1.421334e+00  4.884559e-02 
7.200000e-02  1.492855e+00  1.450189e+00  4.266630e-02 
7.300000e-02  1.493309e+00  1.454445e+00  3.886391e-02 
7.400000e-02  1.498518e+00  1.454534e+00  4.398439e-02 
7.500000e-02  1.489102e+00  1.446334e+00  4.276867e-02 
7.600000e-02  1.441963e+00  1.395604e+00  4.635859e-02 
7.700000e-02  1.483250e+00  1.429573e+00  5.367670e-02 
7.800000e-02  1.467245e+00  1.426549e+00  4.069516e-02 
7.900000e-02  1.506815e+00  1.462146e+00  4.466926e-02 
8.000000e-02  1.546124e+00  1.499486e+00  4.663817e-02 
8.100000e-02  1.487328e+00  1.432609e+00  5.471897e-02 
8.200000e-02  1.498665e+00  1.443647e+00  5.501818e-02 
8.300000e-02  1.460670e+00  1.396788e+00  6.388144e-02 
8.400000e-02  1.439121e+00  1.381835e+00  5.728624e-02 
8.500000e-02  1.448360e+00  1.390006e+00  5.835398e-02 
8.600000e-02  1.451298e+00  1.392297e+00  5.900174e-02 
8.700000e-02  1.423975e+00  1.371054e+00  5.292181e-02 
8.800000e-02  1.428204e+00  1.368585e+00  5.961824e-02 
8.900000e-02  1.433565e+00  1.375558e+00  5.800656e-02 
9.000000e-02  1.423756e+00  1.364679e+00  5.907716e-02 
9.100000e-02  1.435266e+00  1.375337e+00  5.992849e-02 
9.200000e-02  1.431761e+00  1.363026e+00  6.873423e-02 
9.300000e-02  1.444158e+00  1.382456e+00  6.170202e-02 
9.400000e-02  1.423702e+00  1.361613e+00  6.208971e-02 
9.500000e-02  1.417784e+00  1.347578e+00  7.020604e-02 
9.600000e-02  1.435712e+00  1.362859e+00  7.285240e-02 
9.700000e-02  1.427649e+00  1.341914e+00  8.573498e-02 
9.800000e-02  1.464068e+00  1.370259e+00  9.380837e-02 
9.900000e-02  1.485719e+00  1.377333e+00  1.083859e-01 
1.000000e-01  1.462110e+00  1.376086e+00  8.602469e-02 
1.010000e-01  1.436310e+00  1.358723e+00  7.758708e-02 
1.020000e-01  1.433009e+00  1.357347e+00  7.566255e-02 
1.030000e-01  1.405191e+00  1.326282e+00  7.890854e-02 
1.040000e-01  1.390077e+00  1.313295e+00  7.678294e-02 
1.050000e-01  1.418064e+00  1.341141e+00  7.692292e-02 
1.060000e-01  1.429496e+00  1.345685e+00  8.381089e-02 
1.070000e-01  1.475166e+00  1.397734e+00  7.743176e-02 
1.080000e-01  1.482604e+00  1.408793e+00  7.381168e-02 
1.090000e-01  1.479547e+00  1.409669e+00  6.987825e-02 
1.100000e-01  1.517021e+00  1.431058e+00  8.596296e-02 
1.110000e-01  1.525412e+00  1.446645e+00  7.876696e-02 
1.120000e-01  1.541776e+00  1.467239e+00  7.453724e-02 
1.130000e-01  1.491258e+00  1.418166e+00  7.309210e-02 
1.140000e-01  1.474944e+00  1.400135e+00  7.480821e-02 
1.150000e-01  1.501665e+00  1.431322e+00  7.034286e-02 
1.160000e-01  1.476935e+00  1.412376e+00  6.455930e-02 
1.170000e-01  1.472763e+00  1.429120e+00  4.364342e-02 
1.180000e-01  1.480282e+00  1.430737e+00  4.954502e-02 
1.190000e-01  1.415740e+00  1.367391e+00  4.834926e-02 
1.200000e-01  1.497550e+00  1.463071e+00  3.447873e-02 
1.210000e-01  1.488578e+00  1.456249e+00  3.232929e-02 
1.220000e-01  1.426229e+00  1.395693e+00  3.053653e-02 
1.230000e-01  1.422919e+00  1.392065e+00  3.085437e-02 
1.240000e-01  1.416375e+00  1.381789e+00  3.458525e-02 
1.250000e-01  1.395884e+00  1.363644e+00  3.223995e-02 
1.260000e-01  1.362109e+00  1.325789e+00  3.631926e-02 
1.270000e-01  1.348425e+00  1.322961e+00  2.546459e-02 
1.280000e-01  1.362302e+00  1.343429e+00  1.887221e-02 
1.290000e-01  1.348663e+00  1.343001e+00  5.661974e-03 
1.300000e-01  1.382891e+00  1.381517e+00  1.374315e-03 
1.310000e-01  1.355814e+00  1.365423e+00  -9.608676e-03 
1.320000e-01  1.338306e+00  1.341268e+00  -2.962053e-03 
1.330000e-01  1.365276e+00  1.375495e+00  -1.021893e-02 
1.340000e-01  1.411931e+00  1.433031e+00  -2.109993e-02 
1.350000e-01  1.445239e+00  1.471647e+00  -2.640803e-02 
1.360000e-01  1.401683e+00  1.421659e+00  -1.997536e-02 
1.370000e-01  1.352192e+00  1.377397e+00  -2.520427e-02 
1.380000e-01  1.376430e+00  1.410871e+00  -3.444148e-02 
1.390000e-01  1.408358e+00  1.438355e+00  -2.999645e-02 
1.400000e-01  1.401472e+00  1.420532e+00  -1.906027e-02 
1.410000e-01  1.423747e+00  1.441950e+00  -1.820283e-02 
1.420000e-01  1.418802e+00  1.439427e+00  -2.062547e-02 
1.430000e-01  1.434580e+00  1.446652e+00  -1.207203e-02 
1.440000e-01  1.404719e+00  1.405606e+00  -8.861617e-04 
1.450000e-01  1.423499e+00  1.433393e+00  -9.894648e-03 
1.460000e-01  1.455055e+00  1.475326e+00  -2.027098e-02 
1.470000e-01  1.489168e+00  1.504295e+00  -1.512672e-02 
1.480000e-01  1.531496e+00  1.551643e+00  -2.014704e-02 
1.490000e-01  1.573130e+00  1.598531e+00  -2.540017e-02 
1.500000e-01  1.611314e+00  1.622726e+00  -1.141200e-02 
1.510000e-01  1.647094e+00  1.662290e+00  -1.519538e-02 
1.520000e-01  1.694422e+00  1.707137e+00  -1.271512e-02 
1.530000e-01  1.613633e+00  1.631673e+00  -1.804012e-02 
1.540000e-01  1.571979e+00  1.571854e+00  1.257580e-04 
1.550000e-01  1.572177e+00  1.563320e+00  8.856895e-03 
1.560000e-01  1.542714e+00  1.526259e+00  1.645545e-02 
1.570000e-01  1.526970e+00  1.507285e+00  1.968557e-02 
1.580000e-01  1.559828e+00  1.532253e+00  2.757561e-02 
1.590000e-01  1.546160e+00  1.508278e+00  3.788173e-02 
1.600000e-01  1.603527e+00  1.570551e+00  3.297606e-02 
1.610000e-01  1.660843e+00  1.614214e+00  4.662880e-02 
1.620000e-01  1.629687e+00  1.599638e+00  3.004903e-02 
1.630000e-01  1.601596e+00  1.575325e+00  2.627093e-02 
1.640000e-01  1.643826e+00  1.626123e+00  1.770331e-02 
1.650000e-01  1.638222e+00  1.622149e+00  1.607305e-02 
1.660000e-01  1.630059e+00  1.608046e+00  2.201318e-02 
1.670000e-01  1.673017e+00  1.660898e+00  1.211932e-02 
1.680000e-01  1.640312e+00  1.637131e+00  3.180352e-03 
1.690000e-01  1.609623e+00  1.614826e+00  -5.203360e-03 
1.700000e-01  1.634392e+00  1.613359e+00  2.103246e-02 
1.710000e-01  1.604494e+00  1.576443e+00  2.805116e-02 
1.720000e-01  1.570324e+00  1.540924e+00  2.940070e-02 
1.730000e-01  1.556140e+00  1.520075e+00  3.606536e-02 
1.740000e-01  1.534964e+00  1.492710e+00  4.225400e-02 
1.750000e-01  1.514116e+00  1.475324e+00  3.879236e-02 
1.760000e-01  1.507089e+00  1.464959e+00  4.213061e-02 
1.770000e-01  1.522197e+00  1.472613e+00  4.958409e-02 
1.780000e-01  1.560839e+00  1.513367e+00  4.747240e-02 
1.790000e-01  1.544320e+00  1.493073e+00  5.124769e-02 
1.800000e-01  1.526560e+00  1.479293e+00  4.726653e-02 
1.810000e-01  1.527270e+00  1.477653e+00  4.961749e-02 
1.820000e-01  1.502763e+00  1.447229e+00  5.553322e-02 
1.830000e-01  1.521356e+00  1.453058e+00  6.829777e-02 
1.840000e-01  1.558459e+00  1.476812e+00  8.164704e-02 
1.850000e-01  1.543973e+00  1.456133e+00  8.783921e-02 
1.860000e-01  1.563530e+00  1.477381e+00  8.614960e-02 
1.870000e-01  1.558328e+00  1.466534e+00  9.179374e-02 
1.880000e-01  1.582767e+00  1.497441e+00  8.532605e-02 
1.890000e-01  1.540976e+00  1.462761e+00  7.821442e-02 
1.900000e-01  1.533726e+00  1.443068e+00  9.065771e-02 
1.910000e-01  1.577043e+00  1.492962e+00  8.408134e-02 
1.920000e-01  1.518715e+00  1.441895e+00  7.682012e-02 
1.930000e-01  1.508110e+00  1.432294e+00  7.581534e-02 
1.940000e-01  1.444574e+00  1.362170e+00  8.240448e-02 
1.950000e-01  1.382618e+00  1.300733e+00  8.188424e-02 
1.960000e-01  1.373935e+00  1.298354e+00  7.558121e-02 
1.970000e-01  1.353294e+00  1.268455e+00  8.483821e-02 
1.980000e-01  1.360462e+00  1.267676e+00  9.278557e-02 
1.990000e-01  1.316739e+00  1.223518e+00  9.322104e-02 
2.000000e-01  1.364881e+00  1.280867e+00  8.401320e-02 
2.010000e-01  1.349824e+00  1.268873e+00  8.095048e-02 
2.020000e-01  1.400189e+00  1.325950e+00  7.423920e-02 
2.030000e-01  1.421055e+00  1.359525e+00  6.153002e-02 
2.040000e-01  1.394023e+00  1.329034e+00  6.498914e-02 
2.050000e-01  1.379573e+00  1.315735e+00  6.383788e-02 
2.060000e-01  1.311682e+00  1.233010e+00  7.867249e-02 
2.070000e-01  1.311758e+00  1.237758e+00  7.400028e-02 
2.080000e-01  1.350150e+00  1.288301e+00  6.184849e-02 
2.090000e-01  1.280411e+00  1.218936e+00  6.147447e-02 
2.100000e-01  1.328566e+00  1.283601e+00  4.496475e-02 
2.110000e-01  1.320587e+00  1.274949e+00  4.563745e-02 
2.120000e-01  1.283187e+00  1.241596e+00  4.159046e-02 
2.130000e-01  1.256112e+00  1.213603e+00  4.250838e-02 
2.140000e-01  1.284514e+00  1.242446e+00  4.206749e-02 
2.150000e-01  1.290785e+00  1.237234e+00  5.355026e-02 
2.160000e-01  1.302186e+00  1.245488e+00  5.669757e-02 
2.170000e-01  1.349690e+00  1.302264e+00  4.742654e-02 
2.180000e-01  1.323999e+00  1.275175e+00  4.882396e-02 
2.190000e-01  1.382585e+00  1.322889e+00  5.969588e-02 
2.200000e-01  1.435405e+00  1.370782e+00  6.462359e-02 
2.210000e-01  1.417132e+00  1.344448e+00  7.268388e-02 
2.220000e-01  1.448897e+00  1.384432e+00  6.446517e-02 
2.230000e-01  1.498263e+00  1.428772e+00  6.949065e-02 
2.240000e-01  1.494148e+00  1.427544e+00  6.660393e-02 
2.250000e-01  1.476095e+00  1.418555e+00  5.754061e-02 
2.260000e-01  1.456584e+00  1.397619e+00  5.896532e-02 
2.270000e-01  1.461907e+00  1.402669e+00  5.923812e-02 
2.280000e-01  1.453530e+00  1.407598e+00  4.593189e-02 
2.290000e-01  1.431801e+00  1.402726e+00  2.907481e-02 
2.300000e-01  1.427910e+00  1.395264e+00  3.264569e-02 
2.310000e-01  1.505180e+00  1.467028e+00  3.815181e-02 
2.320000e-01  1.516935e+00  1.471018e+00  4.591735e-02 
2.330000e-01  1.530412e+00  1.489045e+00  4.136753e-02 
2.340000e-01  1.534023e+00  1.477938e+00  5.608507e-02 
2.350000e-01  1.532720e+00  1.476199e+00  5.652134e-02 
2.360000e-01  1.531421e+00  1.470104e+00  6.131652e-02 
2.370000e-01  1.531959e+00  1.458830e+00  7.312916e-02 
2.380000e-01  1.569796e+00  1.481980e+00  8.781582e-02 
2.390000e-01  1.608380e+00  1.530197e+00  7.818280e-02 
2.400000e-01  1.562145e+00  1.489339e+00  7.280595e-02 
2.410000e-01  1.600756e+00  1.514299e+00  8.645653e-02 
2.420000e-01  1.595015e+00  1.516064e+00  7.895099e-02 
2.430000e-01  1.593224e+00  1.512996e+00  8.022811e-02 
2.440000e-01  1.610172e+00  1.527761e+00  8.241125e-02 
2.450000e-01  1.605366e+00  1.528811e+00  7.655493e-02 
2.460000e-01  1.633158e+00  1.551921e+00  8.123681e-02 
2.470000e-01  1.643827e+00  1.580729e+00  6.309833e-02 
2.480000e-01  1.659044e+00  1.597616e+00  6.142802e-02 
2.490000e-01  1.682992e+00  1.625612e+00  5.737973e-02 
2.500000e-01  1.675321e+00  1.600966e+00  7.435478e-02 
2.510000e-01  1.662519e+00  1.582928e+00  7.959147e-02 
2.520000e-01  1.613313e+00  1.546600e+00  6.671302e-02 
2.530000e-01  1.623848e+00  1.550851e+00  7.299733e-02 
2.540000e-01  1.621622e+00  1.558823e+00  6.279898e-02 
2.550000e-01  1.638849e+00  1.574761e+00  6.408797e-02 
2.560000e-01  1.608782e+00  1.551600e+00  5.718161e-02 
2.570000e-01  1.581312e+00  1.518186e+00  6.312552e-02 
2.580000e-01  1.579133e+00  1.517248e+00  6.188483e-02 
2.590000e-01  1.606937e+00  1.532621e+00  7.431615e-02 
2.600000e-01  1.595116e+00  1.522388e+00  7.272783e-02 
2.610000e-01  1.593755e+00  1.525858e+00  6.789785e-02 
2.620000e-01  1.552405e+00  1.487812e+00  6.459323e-02 
2.630000e-01  1.507027e+00  1.447349e+00  5.967868e-02 
2.640000e-01  1.530307e+00  1.467034e+00  6.327295e-02 
2.650000e-01  1.547834e+00  1.473198e+00  7.463611e-02 
2.660000e-01  1.476010e+00  1.389378e+00  8.663148e-02 
2.670000e-01  1.444307e+00  1.365003e+00  7.930332e-02 
2.680000e-01  1.483689e+00  1.409726e+00  7.396369e-02 
2.690000e-01  1.472281e+00  1.396432e+00  7.584863e-02 
2.700000e-01  1.490619e+00  1.405629e+00  8.498944e-02 
2.710000e-01  1.460674e+00  1.363436e+00  9.723752e-02 
2.720000e-01  1.464118e+00  1.368892e+00  9.522532e-02 
2.730000e-01  1.444392e+00  1.347268e+00  9.712442e-02 
2.740000e-01  1.435740e+00  1.350712e+00  8.502842e-02 
2.750000e-01  1.522174e+00  1.430779e+00  9.139519e-02 
2.760000e-01  1.504166e+00  1.422314e+00  8.185168e-02 
2.770000e-01  1.531890e+00  1.452107e+00  7.978293e-02 
2.780000e-01  1.517184e+00  1.439194e+00  7.798999e-02 
2.790000e-01  1.502515e+00  1.438053e+00  6.446230e-02 
2.800000e-01  1.439731e+00  1.368131e+00  7.159972e-02 
2.810000e-01  1.446171e+00  1.354818e+00  9.135308e-02 
2.820000e-01  1.415116e+00  1.328737e+00  8.637896e-02 
2.830000e-01  1.420664e+00  1.343540e+00  7.712425e-02 
2.840000e-01  1.447080e+00  1.369078e+00  7.800178e-02 
2.850000e-01  1.450904e+00  1.362369e+00  8.853538e-02 
2.860000e-01  1.498390e+00  1.403087e+00  9.530250e-02 
2.870000e-01  1.473134e+00  1.388799e+00  8.433511e-02 
2.880000e-01  1.473211e+00  1.390317e+00  8.289401e-02 
2.890000e-01  1.508533e+00  1.431963e+00  7.656988e-02 
2.900000e-01  1.497591e+00  1.420044e+00  7.754686e-02 
2.910000e-01  1.455251e+00  1.371782e+00  8.346936e-02 
2.920000e-01  1.458249e+00  1.373574e+00  8.467481e-02 
2.930000e-01  1.506195e+00  1.422356e+00  8.383890e-02 
2.940000e-01  1.480571e+00  1.399520e+00  8.105086e-02 
2.950000e-01  1.451191e+00  1.385132e+00  6.605926e-02 
2.960000e-01  1.465380e+00  1.397761e+00  6.761854e-02 
2.970000e-01  1.453850e+00  1.383119e+00  7.073103e-02 
2.980000e-01  1.481446e+00  1.410258e+00  7.118861e-02 
2.990000e-01  1.540907e+00  1.463044e+00  7.786305e-02 
3.000000e-01  1.500139e+00  1.428115e+00  7.202345e-02 
3.010000e-01  1.517549e+00  1.438839e+00  7.870988e-02 
3.020000e-01  1.528500e+00  1.448097e+00  8.040266e-02 
3.030000e-01  1.553082e+00  1.472079e+00  8.100329e-02 
3.040000e-01  1.611293e+00  1.522635e+00  8.865790e-02 
3.050000e-01  1.637094e+00  1.547107e+00  8.998744e-02 
3.060000e-01  1.658426e+00  1.567461e+00  9.096488e-02 
3.070000e-01  1.700242e+00  1.610664e+00  8.957820e-02 
3.080000e-01  1.656761e+00  1.571354e+00  8.540658e-02 
3.090000e-01  1.664251e+00  1.578913e+00  8.533795e-02 
3.100000e-01  1.621103e+00  1.532836e+00  8.826727e-02 
3.110000e-01  1.673786e+00  1.580780e+00  9.300602e-02 
3.120000e-01  1.716015e+00  1.644037e+00  7.197815e-02 
3.130000e-01  1.736576e+00  1.666461e+00  7.011509e-02 
3.140000e-01  1.704665e+00  1.644951e+00  5.971415e-02 
3.150000e-01  1.697250e+00  1.647681e+00  4.956883e-02 
3.160000e-01  1.691003e+00  1.640156e+00  5.084755e-02 
3.170000e-01  1.701256e+00  1.641063e+00  6.019285e-02 
3.180000e-01  1.701960e+00  1.661076e+00  4.088477e-02 
3.190000e-01  1.698184e+00  1.654269e+00  4.391543e-02 
3.200000e-01  1.726336e+00  1.690273e+00  3.606256e-02 
3.210000e-01  1.736411e+00  1.705619e+00  3.079283e-02 
3.220000e-01  1.726138e+00  1.706496e+00  1.964127e-02 
3.230000e-01  1.704405e+00  1.680443e+00  2.396216e-02 
3.240000e-01  1.673618e+00  1.657002e+00  1.661601e-02 
3.250000e-01  1.656687e+00  1.636752e+00  1.993537e-02 
3.260000e-01  1.662802e+00  1.635427e+00  2.737443e-02 
3.270000e-01  1.694731e+00  1.661985e+00  3.274550e-02 
3.280000e-01  1.696837e+00  1.647584e+00  4.925301e-02 
3.290000e-01  1.675887e+00  1.618955e+00  5.693288e-02 
3.300000e-01  1.678033e+00  1.614235e+00  6.379792e-02 
3.310000e-01  1.626841e+00  1.548322e+00  7.851936e-02 
3.320000e-01  1.658017e+00  1.586376e+00  7.164125e-02 
3.330000e-01  1.711381e+00  1.637513e+00  7.386724e-02 
3.340000e-01  1.724542e+00  1.642323e+00  8.221912e-02 
3.350000e-01  1.717944e+00  1.642540e+00  7.540407e-02 
3.360000e-01  1.715730e+00  1.658743e+00  5.698725e-02 
3.370000e-01  1.736850e+00  1.677097e+00  5.975376e-02 
3.380000e-01  1.729141e+00  1.684984e+00  4.415673e-02 
3.390000e-01  1.757969e+00  1.717340e+00  4.062948e-02 
3.400000e-01  1.742387e+00  1.692621e+00  4.976502e-02 
3.410000e-01  1.772049e+00  1.723619e+00  4.843009e-02 
3.420000e-01  1.737548e+00  1.699015e+00  3.853298e-02 
3.430000e-01  1.751829e+00  1.715760e+00  3.606923e-02 
3.440000e-01  1.741688e+00  1.712358e+00  2.932963e-02 
3.450000e-01  1.712510e+00  1.666952e+00  4.555744e-02 
3.460000e-01  1.732007e+00  1.696866e+00  3.514136e-02 
3.470000e-01  1.732060e+00  1.709780e+00  2.228051e-02 
3.480000e-01  1.742084e+00  1.704866e+00  3.721715e-02 
3.490000e-01  1.774907e+00  1.728486e+00  4.642126e-02 
3.500000e-01  1.779986e+00  1.723132e+00  5.685316e-02 
3.510000e-01  1.768937e+00  1.716992e+00  5.194458e-02 
3.520000e-01  1.751280e+00  1.704735e+00  4.654505e-02 
3.530000e-01  1.722588e+00  1.689989e+00  3.259915e-02 
3.540000e-01  1.781845e+00  1.761023e+00  2.082280e-02 
3.550000e-01  1.776014e+00  1.742598e+00  3.341587e-02 
3.560000e-01  1.730025e+00  1.705499e+00  2.452647e-02 
3.570000e-01  1.719025e+00  1.701570e+00  1.745539e-02 
3.580000e-01  1.715846e+00  1.695454e+00  2.039137e-02 
3.590000e-01  1.759068e+00  1.753708e+00  5.360083e-03 
3.600000e-01  1.794684e+00  1.800279e+00  -5.594770e-03 
3.610000e-01  1.828113e+00  1.835171e+00  -7.057598e-03 
3.620000e-01  1.806640e+00  1.812687e+00  -6.046532e-03 
3.630000e-01  1.790846e+00  1.798220e+00  -7.374511e-03 
3.640000e-01  1.754290e+00  1.764390e+00  -1.009977e-02 
3.650000e-01  1.794273e+00  1.814283e+00  -2.000969e-02 
3.660000e-01  1.717598e+00  1.748196e+00  -3.059714e-02 
3.670000e-01  1.750469e+00  1.767403e+00  -1.693356e-02 
3.680000e-01  1.812700e+00  1.840609e+00  -2.790885e-02 
3.690000e-01  1.781996e+00  1.822334e+00  -4.033804e-02 
3.700000e-01  1.840027e+00  1.895454e+00  -5.542661e-02 
3.710000e-01  1.799203e+00  1.853819e+00  -5.461647e-02 
3.720000e-01  1.781995e+00  1.832247e+00  -5.025200e-02 
3.730000e-01  1.730582e+00  1.762139e+00  -3.155659e-02 
3.740000e-01  1.692565e+00  1.740771e+00  -4.820659e-02 
3.750000e-01  1.652795e+00  1.699412e+00  -4.661708e-02 
3.760000e-01  1.671662e+00  1.737547e+00  -6.588515e-02 
3.770000e-01  1.681126e+00  1.762296e+00  -8.116962e-02 
3.780000e-01  1.686509e+00  1.761908e+00  -7.539876e-02 
3.790000e-01  1.719370e+00  1.798522e+00  -7.915163e-02 
3.800000e-01  1.775513e+00  1.853014e+00  -7.750026e-02 
3.810000e-01  1.809666e+00  1.900835e+00  -9.116840e-02 
3.820000e-01  1.870769e+00  1.967604e+00  -9.683551e-02 
3.830000e-01  1.874959e+00  1.964175e+00  -8.921540e-02 
3.840000e-01  1.858816e+00  1.944966e+00  -8.615026e-02 
3.850000e-01  1.866802e+00  1.967030e+00  -1.002286e-01 
3.860000e-01  1.867784e+00  1.976609e+00  -1.088258e-01 
3.870000e-01  1.916438e+00  2.018847e+00  -1.024087e-01 
3.880000e-01  1.883016e+00  2.000006e+00  -1.169900e-01 
3.890000e-01  1.870386e+00  1.967836e+00  -9.744946e-02 
3.900000e-01  1.857087e+00  1.946966e+00  -8.987988e-02 
3.910000e-01  1.861865e+00  1.949638e+00  -8.777286e-02 
3.920000e-01  1.828557e+00  1.923669e+00  -9.511213e-02 
3.930000e-01  1.820180e+00  1.923684e+00  -1.035041e-01 
3.940000e-01  1.811168e+00  1.913069e+00  -1.019009e-01 
3.950000e-01  1.833404e+00  1.927624e+00  -9.422009e-02 
3.960000e-01  1.831473e+00  1.932840e+00  -1.013670e-01 
3.970000e-01  1.849051e+00  1.945654e+00  -9.660314e-02 
3.980000e-01  1.864676e+00  1.952557e+00  -8.788080e-02 
3.990000e-01  1.823451e+00  1.914239e+00  -9.078747e-02 
4.000000e-01  1.825590e+00  1.915145e+00  -8.955477e-02 
4.010000e-01  1.811126e+00  1.908453e+00  -9.732772e-02 
4.020000e-01  1.795774e+00  1.894931e+00  -9.915711e-02 
4.030000e-01  1.815573e+00  1.920661e+00  -1.050881e-01 
4.040000e-01  1.793655e+00  1.913820e+00  -1.201651e-01 
4.050000e-01  1.762995e+00  1.882195e+00  -1.191996e-01 
4.060000e-01  1.782668e+00  1.909734e+00  -1.270656e-01 
4.070000e-01  1.776959e+00  1.890308e+00  -1.133491e-01 
4.080000e-01  1.766630e+00  1.866012e+00  -9.938228e-02 
4.090000e-01  1.800621e+00  1.907688e+00  -1.070669e-01 
4.100000e-01  1.796972e+00  1.901886e+00  -1.049140e-01 
4.110000e-01  1.863882e+00  1.972897e+00  -1.090147e-01 
4.120000e-01  1.889332e+00  1.981356e+00  -9.202442e-02 
4.130000e-01  1.879406e+00  1.987554e+00  -1.081477e-01 
4.140000e-01  1.920533e+00  2.021294e+00  -1.007609e-01 
4.150000e-01  1.914432e+00  2.010675e+00  -9.624240e-02 
4.160000e-01  1.830475e+00  1.930312e+00  -9.983761e-02 
4.170000e-01  1.859056e+00  1.967259e+00  -1.082033e-01 
4.180000e-01  1.867205e+00  1.978675e+00  -1.114698e-01 
4.190000e-01  1.849393e+00  1.955925e+00  -1.065326e-01 
4.200000e-01  1.850506e+00  1.961182e+00  -1.106767e-01 
4.210000e-01  1.883876e+00  1.988824e+00  -1.049481e-01 
4.220000e-01  1.866917e+00  1.976701e+00  -1.097840e-01 
4.230000e-01  1.864183e+00  1.974271e+00  -1.100881e-01 
4.240000e-01  1.878059e+00  2.000509e+00  -1.224500e-01 
4.250000e-01  1.847869e+00  1.967432e+00  -1.195623e-01 
4.260000e-01  1.830950e+00  1.980270e+00  -1.493201e-01 
4.270000e-01  1.811407e+00  1.941520e+00  -1.301124e-01 
4.280000e-01  1.837573e+00  1.976122e+00  -1.385489e-01 
4.290000e-01  1.827386e+00  1.956831e+00  -1.294447e-01 
4.300000e-01  1.832501e+00  1.963622e+00  -1.311216e-01 
4.310000e-01  1.795938e+00  1.921302e+00  -1.253637e-01 
4.320000e-01  1.766497e+00  1.889194e+00  -1.226969e-01 
4.330000e-01  1.699560e+00  1.836285e+00  -1.367245e-01 
4.340000e-01  1.719695e+00  1.855286e+00  -1.355902e-01 
4.350000e-01  1.742359e+00  1.893820e+00  -1.514614e-01 
4.360000e-01  1.767385e+00  1.914903e+00  -1.475182e-01 
4.370000e-01  1.726813e+00  1.872363e+00  -1.455508e-01 
4.380000e-01  1.755683e+00  1.905236e+00  -1.495530e-01 
4.390000e-01  1.758587e+00  1.894337e+00  -1.357493e-01 
4.400000e-01  1.787230e+00  1.922036e+00  -1.348053e-01 
4.410000e-01  1.740878e+00  1.887269e+00  -1.463913e-01 
4.420000e-01  1.779263e+00  1.900949e+00  -1.216861e-01 
4.430000e-01  1.822314e+00  1.954896e+00  -1.325823e-01 
4.440000e-01  1.850760e+00  1.974547e+00  -1.237862e-01 
4.450000e-01  1.860198e+00  1.990862e+00  -1.306641e-01 
4.460000e-01  1.801184e+00  1.914618e+00  -1.134337e-01 
4.470000e-01  1.825026e+00  1.930608e+00  -1.055823e-01 
4.480000e-01  1.840301e+00  1.965985e+00  -1.256839e-01 
4.490000e-01  1.830821e+00  1.944591e+00  -1.137705e-01 
4.500000e-01  1.802576e+00  1.921931e+00  -1.193551e-01 
4.510000e-01  1.733135e+00  1.856260e+00  -1.231252e-01 
4.520000e-01  1.781507e+00  1.897957e+00  -1.164496e-01 
4.530000e-01  1.759407e+00  1.875974e+00  -1.165671e-01 
4.540000e-01  1.801506e+00  1.907283e+00  -1.057770e-01 
4.550000e-01  1.850063e+00  1.956057e+00  -1.059933e-01 
4.560000e-01  1.899979e+00  2.006853e+00  -1.068744e-01 
4.570000e-01  1.892076e+00  1.997176e+00  -1.051003e-01 
4.580000e-01  1.874979e+00  1.964888e+00  -8.990867e-02 
4.590000e-01  1.877206e+00  1.958982e+00  -8.177572e-02 
4.600000e-01  1.869892e+00  1.964999e+00  -9.510714e-02 
4.610000e-01  1.858158e+00  1.954403e+00  -9.624550e-02 
4.620000e-01  1.877015e+00  1.982071e+00  -1.050557e-01 
4.630000e-01  1.845603e+00  1.935080e+00  -8.947732e-02 
4.640000e-01  1.792431e+00  1.904763e+00  -1.123320e-01 
4.650000e-01  1.779134e+00  1.876795e+00  -9.766133e-02 
4.660000e-01  1.706883e+00  1.807847e+00  -1.009640e-01 
4.670000e-01  1.750693e+00  1.831325e+00  -8.063250e-02 
4.680000e-01  1.765621e+00  1.843085e+00  -7.746330e-02 
4.690000e-01  1.791176e+00  1.864350e+00  -7.317380e-02 
4.700000e-01  1.786814e+00  1.867536e+00  -8.072263e-02 
4.710000e-01  1.788570e+00  1.870596e+00  -8.202555e-02 
4.720000e-01  1.799586e+00  1.890588e+00  -9.100207e-02 
4.730000e-01  1.915781e+00  2.000961e+00  -8.518003e-02 
4.740000e-01  1.900074e+00  1.972627e+00  -7.255315e-02 
4.750000e-01  1.969884e+00  2.037568e+00  -6.768383e-02 
4.760000e-01  2.004875e+00  2.062308e+00  -5.743285e-02 
4.770000e-01  1.973944e+00  2.040590e+00  -6.664577e-02 
4.780000e-01  1.988676e+00  2.063448e+00  -7.477124e-02 
4.790000e-01  1.990073e+00  2.067444e+00  -7.737139e-02 
4.800000e-01  1.987084e+00  2.071742e+00  -8.465798e-02 
4.810000e-01  1.966063e+00  2.027554e+00  -6.149118e-02 
4.820000e-01  1.974886e+00  2.023303e+00  -4.841685e-02 
4.830000e-01  1.978936e+00  2.023005e+00  -4.406912e-02 
4.840000e-01  1.962715e+00  1.998708e+00  -3.599251e-02 
4.850000e-01  1.985167e+00  2.011557e+00  -2.638947e-02 
4.860000e-01  2.050806e+00  2.078060e+00  -2.725384e-02 
4.870000e-01  2.056153e+00  2.083611e+00  -2.745825e-02 
4.880000e-01  2.028082e+00  2.045041e+00  -1.695929e-02 
4.890000e-01  2.006905e+00  2.019273e+00  -1.236775e-02 
4.900000e-01  2.025560e+00  2.032012e+00  -6.451931e-03 
4.910000e-01  1.972318e+00  1.962744e+00  9.573789e-03 
4.920000e-01  1.952334e+00  1.954363e+00  -2.028883e-03 
4.930000e-01  1.952963e+00  1.968101e+00  -1.513818e-02 
4.940000e-01  1.945555e+00  1.965602e+00  -2.004767e-02 
4.950000e-01  1.929167e+00  1.952806e+00  -2.363880e-02 
4.960000e-01  1.953610e+00  1.986065e+00  -3.245538e-02 
4.970000e-01  2.018998e+00  2.024571e+00  -5.572988e-03 
4.980000e-01  2.024103e+00  2.011894e+00  1.220949e-02 
4.990000e-01  2.005317e+00  2.002674e+00  2.642989e-03 
5.000000e-01  1.990363e+00  1.993828e+00  -3.465006e-03 
5.010000e-01  1.982577e+00  2.002019e+00  -1.944267e-02 
5.020000e-01  1.984487e+00  2.002080e+00  -1.759354e-02 
5.030000e-01  2.024254e+00  2.042435e+00  -1.818075e-02 
5.040000e-01  2.046304e+00  2.081453e+00  -3.514901e-02 
5.050000e-01  2.028664e+00  2.070563e+00  -4.189881e-02 
5.060000e-01  2.031745e+00  2.087176e+00  -5.543052e-02 
5.070000e-01  2.028267e+00  2.086339e+00  -5.807242e-02 
5.080000e-01  2.042081e+00  2.104032e+00  -6.195196e-02 
5.090000e-01  2.062561e+00  2.141285e+00  -7.872323e-02 
5.100000e-01  2.029824e+00  2.090292e+00  -6.046855e-02 
5.110000e-01  2.024495e+00  2.096527e+00  -7.203274e-02 
5.120000e-01  1.989881e+00  2.069884e+00  -8.000306e-02 
5.130000e-01  1.951253e+00  2.039552e+00  -8.829853e-02 
5.140000e-01  1.971435e+00  2.038521e+00  -6.708648e-02 
5.150000e-01  1.985471e+00  2.050076e+00  -6.460521e-02 
5.160000e-01  1.971220e+00  2.028456e+00  -5.723589e-02 
5.170000e-01  1.996666e+00  2.049436e+00  -5.276922e-02 
5.180000e-01  2.018146e+00  2.077143e+00  -5.899653e-02 
5.190000e-01  2.053789e+00  2.102937e+00  -4.914754e-02 
5.200000e-01  2.029216e+00  2.070338e+00  -4.112263e-02 
5.210000e-01  2.001755e+00  2.019781e+00  -1.802647e-02 
5.220000e-01  1.971689e+00  1.977398e+00  -5.708620e-03 
5.230000e-01  1.980790e+00  1.991258e+00  -1.046817e-02 
5.240000e-01  1.974097e+00  1.990977e+00  -1.687998e-02 
5.250000e-01  1.972267e+00  2.002926e+00  -3.065981e-02 
5.260000e-01  1.943101e+00  1.978931e+00  -3.582998e-02 
5.270000e-01  1.954753e+00  1.986260e+00  -3.150727e-02 
5.280000e-01  1.981266e+00  2.004090e+00  -2.282334e-02 
5.290000e-01  1.975788e+00  2.019528e+00  -4.374023e-02 
5.300000e-01  1.969460e+00  2.001888e+00  -3.242733e-02 
5.310000e-01  1.976817e+00  2.016278e+00  -3.946117e-02 
5.320000e-01  1.971532e+00  2.012340e+00  -4.080768e-02 
5.330000e-01  1.945450e+00  1.982019e+00  -3.656919e-02 
5.340000e-01  1.908970e+00  1.955902e+00  -4.693123e-02 
5.350000e-01  1.968846e+00  2.009799e+00  -4.095349e-02 
5.360000e-01  2.021620e+00  2.056555e+00  -3.493565e-02 
5.370000e-01  1.993519e+00  2.048378e+00  -5.485886e-02 
5.380000e-01  2.026194e+00  2.071807e+00  -4.561299e-02 
5.390000e-01  1.979704e+00  2.034693e+00  -5.498929e-02 
5.400000e-01  1.989128e+00  2.050834e+00  -6.170571e-02 
5.410000e-01  2.035995e+00  2.105395e+00  -6.939968e-02 
5.420000e-01  2.008787e+00  2.070021e+00  -6.123333e-02 
5.430000e-01  2.071044e+00  2.139336e+00  -6.829238e-02 
5.440000e-01  2.092405e+00  2.180067e+00  -8.766196e-02 
5.450000e-01  2.108987e+00  2.214577e+00  -1.055895e-01 
5.460000e-01  2.140020e+00  2.267364e+00  -1.273441e-01 
5.470000e-01  2.120095e+00  2.227945e+00  -1.078505e-01 
5.480000e-01  2.111795e+00  2.226897e+00  -1.151023e-01 
5.490000e-01  2.099521e+00  2.205011e+00  -1.054894e-01 
5.500000e-01  2.061937e+00  2.153637e+00  -9.170005e-02 
5.510000e-01  2.043973e+00  2.127085e+00  -8.311213e-02 
5.520000e-01  2.036739e+00  2.122028e+00  -8.528956e-02 
5.530000e-01  2.011085e+00  2.128106e+00  -1.170212e-01 
5.540000e-01  2.004579e+00  2.134435e+00  -1.298555e-01 
5.550000e-01  2.016699e+00  2.144651e+00  -1.279525e-01 
5.560000e-01  2.053754e+00  2.189600e+00  -1.358466e-01 
5.570000e-01  2.059069e+00  2.178462e+00  -1.193924e-01 
5.580000e-01  2.020618e+00  2.146313e+00  -1.256947e-01 
5.590000e-01  1.989959e+00  2.122503e+00  -1.325436e-01 
5.600000e-01  1.925386e+00  2.051037e+00  -1.256511e-01 
5.610000e-01  1.879980e+00  2.017951e+00  -1.379714e-01 
5.620000e-01  1.895798e+00  2.042169e+00  -1.463705e-01 
5.630000e-01  1.910202e+00  2.050763e+00  -1.405613e-01 
5.640000e-01  1.919486e+00  2.060482e+00  -1.409960e-01 
5.650000e-01  1.911893e+00  2.052610e+00  -1.407169e-01 
5.660000e-01  1.866393e+00  1.994905e+00  -1.285117e-01 
5.670000e-01  1.893720e+00  2.016331e+00  -1.226108e-01 
5.680000e-01  1.897035e+00  2.018261e+00  -1.212257e-01 
5.690000e-01  1.904175e+00  2.011602e+00  -1.074273e-01 
5.700000e-01  1.899049e+00  2.007388e+00  -1.083394e-01 
5.710000e-01  1.881013e+00  1.997265e+00  -1.162517e-01 
5.720000e-01  1.934969e+00  2.050688e+00  -1.157188e-01 
5.730000e-01  1.961313e+00  2.077505e+00  -1.161921e-01 
5.740000e-01  1.947882e+00  2.080537e+00  -1.326557e-01 
5.750000e-01  1.973886e+00  2.096119e+00  -1.222327e-01 
5.760000e-01  1.976363e+00  2.108224e+00  -1.318609e-01 
5.770000e-01  1.957106e+00  2.092056e+00  -1.349508e-01 
5.780000e-01  1.981061e+00  2.102299e+00  -1.212384e-01 
5.790000e-01  1.956876e+00  2.075394e+00  -1.185172e-01 
5.800000e-01  1.902710e+00  2.027296e+00  -1.245857e-01 
5.810000e-01  1.870695e+00  1.987651e+00  -1.169567e-01 
5.820000e-01  1.825000e+00  1.943963e+00  -1.189628e-01 
5.830000e-01  1.834890e+00  1.953811e+00  -1.189208e-01 
5.840000e-01  1.837178e+00  1.961669e+00  -1.244913e-01 
5.850000e-01  1.777134e+00  1.886669e+00  -1.095352e-01 
5.860000e-01  1.840373e+00  1.953148e+00  -1.127757e-01 
5.870000e-01  1.825121e+00  1.947199e+00  -1.220786e-01 
5.880000e-01  1.797106e+00  1.924444e+00  -1.273378e-01 
5.890000e-01  1.835275e+00  1.966980e+00  -1.317050e-01 
5.900000e-01  1.834027e+00  1.953910e+00  -1.198829e-01 
5.910000e-01  1.839251e+00  1.968570e+00  -1.293188e-01 
5.920000e-01  1.840737e+00  1.997142e+00  -1.564041e-01 
5.930000e-01  1.891192e+00  2.037085e+00  -1.458926e-01 
5.940000e-01  1.865087e+00  2.018915e+00  -1.538276e-01 
5.950000e-01  1.864588e+00  2.035210e+00  -1.706223e-01 
5.960000e-01  1.835664e+00  2.014575e+00  -1.789111e-01 
5.970000e-01  1.850695e+00  2.037542e+00  -1.868467e-01 
5.980000e-01  1.806923e+00  1.980723e+00  -1.738009e-01 
5.990000e-01  1.848913e+00  2.012309e+00  -1.633958e-01 
6.000000e-01  1.837805e+00  2.000817e+00  -1.630114e-01 
6.010000e-01  1.785399e+00  1.946982e+00  -1.615826e-01 
6.020000e-01  1.792433e+00  1.940740e+00  -1.483070e-01 
6.030000e-01  1.799149e+00  1.949600e+00  -1.504513e-01 
6.040000e-01  1.798050e+00  1.972120e+00  -1.740702e-01 
6.050000e-01  1.861499e+00  2.040517e+00  -1.790176e-01 
6.060000e-01  1.862540e+00  2.027721e+00  -1.651806e-01 
6.070000e-01  1.865388e+00  2.033379e+00  -1.679909e-01 
6.080000e-01  1.897373e+00  2.044526e+00  -1.471528e-01 
6.090000e-01  1.900001e+00  2.041530e+00  -1.415288e-01 
6.100000e-01  1.888045e+00  2.034233e+00  -1.461883e-01 
6.110000e-01  1.905238e+00  2.031855e+00  -1.266171e-01 
6.120000e-01  1.928613e+00  2.067397e+00  -1.387846e-01 
6.130000e-01  1.982488e+00  2.122037e+00  -1.395495e-01 
6.140000e-01  1.974969e+00  2.126384e+00  -1.514151e-01 
6.150000e-01  1.948652e+00  2.106112e+00  -1.574601e-01 
6.160000e-01  1.970633e+00  2.130210e+00  -1.595774e-01 
6.170000e-01  1.926249e+00  2.090216e+00  -1.639674e-01 
6.180000e-01  1.886122e+00  2.066438e+00  -1.803157e-01 
6.190000e-01  1.898236e+00  2.084030e+00  -1.857942e-01 
6.200000e-01  1.895692e+00  2.092005e+00  -1.963129e-01 
6.210000e-01  1.908081e+00  2.111006e+00  -2.029245e-01 
6.220000e-01  1.941765e+00  2.130232e+00  -1.884666e-01 
6.230000e-01  1.977581e+00  2.158067e+00  -1.804866e-01 
6.240000e-01  1.998080e+00  2.185801e+00  -1.877208e-01 
6.250000e-01  1.984305e+00  2.182890e+00  -1.985847e-01 
6.260000e-01  2.025636e+00  2.216408e+00  -1.907719e-01 
6.270000e-01  2.046622e+00  2.248347e+00  -2.017245e-01 
6.280000e-01  2.021494e+00  2.209858e+00  -1.883638e-01 
6.290000e-01  2.049796e+00  2.218052e+00  -1.682558e-01 
6.300000e-01  2.028731e+00  2.199269e+00  -1.705387e-01 
6.310000e-01  2.020665e+00  2.198560e+00  -1.778943e-01 
6.320000e-01  1.993855e+00  2.192940e+00  -1.990854e-01 
6.330000e-01  2.040298e+00  2.220693e+00  -1.803949e-01 
6.340000e-01  2.050067e+00  2.236005e+00  -1.859380e-01 
6.350000e-01  2.049459e+00  2.234827e+00  -1.853676e-01 
6.360000e-01  2.059762e+00  2.223992e+00  -1.642296e-01 
6.370000e-01  1.994350e+00  2.153785e+00  -1.594349e-01 
6.380000e-01  1.981587e+00  2.130711e+00  -1.491246e-01 
6.390000e-01  1.948877e+00  2.090000e+00  -1.411237e-01 
6.400000e-01  1.973142e+00  2.101035e+00  -1.278931e-01 
6.410000e-01  1.952919e+00  2.085257e+00  -1.323375e-01 
6.420000e-01  1.888014e+00  2.014078e+00  -1.260639e-01 
6.430000e-01  1.873308e+00  2.006270e+00  -1.329622e-01 
6.440000e-01  1.870618e+00  2.006360e+00  -1.357421e-01 
6.450000e-01  1.829016e+00  1.983355e+00  -1.543397e-01 
6.460000e-01  1.824371e+00  1.984074e+00  -1.597025e-01 
6.470000e-01  1.802233e+00  1.961059e+00  -1.588268e-01 
6.480000e-01  1.747453e+00  1.899481e+00  -1.520281e-01 
6.490000e-01  1.797327e+00  1.945509e+00  -1.481815e-01 
6.500000e-01  1.749801e+00  1.898155e+00  -1.483538e-01 
6.510000e-01  1.738828e+00  1.876104e+00  -1.372761e-01 
6.520000e-01  1.715211e+00  1.851293e+00  -1.360815e-01 
6.530000e-01  1.755749e+00  1.895805e+00  -1.400562e-01 
6.540000e-01  1.778626e+00  1.911497e+00  -1.328713e-01 
6.550000e-01  1.740191e+00  1.859246e+00  -1.190543e-01 
6.560000e-01  1.775440e+00  1.884990e+00  -1.095499e-01 
6.570000e-01  1.730257e+00  1.819651e+00  -8.939394e-02 
6.580000e-01  1.692228e+00  1.774736e+00  -8.250800e-02 
6.590000e-01  1.713978e+00  1.815872e+00  -1.018942e-01 
6.600000e-01  1.686432e+00  1.785599e+00  -9.916701e-02 
6.610000e-01  1.653555e+00  1.766001e+00  -1.124457e-01 
6.620000e-01  1.685255e+00  1.791911e+00  -1.066560e-01 
6.630000e-01  1.658402e+00  1.762094e+00  -1.036912e-01 
6.640000e-01  1.674052e+00  1.755432e+00  -8.138013e-02 
6.650000e-01  1.657674e+00  1.732151e+00  -7.447661e-02 
6.660000e-01  1.632870e+00  1.694088e+00  -6.121876e-02 
6.670000e-01  1.665087e+00  1.743294e+00  -7.820736e-02 
6.680000e-01  1.655938e+00  1.727838e+00  -7.189995e-02 
6.690000e-01  1.645383e+00  1.709403e+00  -6.402021e-02 
6.700000e-01  1.665268e+00  1.733457e+00  -6.818955e-02 
6.710000e-01  1.680910e+00  1.747554e+00  -6.664451e-02 
6.720000e-01  1.688904e+00  1.748315e+00  -5.941122e-02 
6.730000e-01  1.671495e+00  1.719055e+00  -4.755936e-02 
6.740000e-01  1.682222e+00  1.726626e+00  -4.440435e-02 
6.750000e-01  1.758200e+00  1.789999e+00  -3.179859e-02 
6.760000e-01  1.772501e+00  1.802335e+00  -2.983453e-02 
6.770000e-01  1.703873e+00  1.741833e+00  -3.796051e-02 
6.780000e-01  1.739152e+00  1.774578e+00  -3.542607e-02 
6.790000e-01  1.739458e+00  1.771643e+00  -3.218455e-02 
6.800000e-01  1.690481e+00  1.726273e+00  -3.579156e-02 
6.810000e-01  1.664660e+00  1.696918e+00  -3.225802e-02 
6.820000e-01  1.627427e+00  1.670486e+00  -4.305872e-02 
6.830000e-01  1.673954e+00  1.708755e+00  -3.480137e-02 
6.840000e-01  1.660436e+00  1.693741e+00  -3.330481e-02 
6.850000e-01  1.618620e+00  1.654246e+00  -3.562580e-02 
6.860000e-01  1.586983e+00  1.613173e+00  -2.619048e-02 
6.870000e-01  1.602391e+00  1.636816e+00  -3.442513e-02 
6.880000e-01  1.624910e+00  1.650208e+00  -2.529808e-02 
6.890000e-01  1.578034e+00  1.603706e+00  -2.567194e-02 
6.900000e-01  1.546296e+00  1.561396e+00  -1.510005e-02 
6.910000e-01  1.500693e+00  1.511210e+00  -1.051679e-02 
6.920000e-01  1.549984e+00  1.571682e+00  -2.169814e-02 
6.930000e-01  1.546841e+00  1.579868e+00  -3.302633e-02 
6.940000e-01  1.555487e+00  1.598568e+00  -4.308042e-02 
6.950000e-01  1.586662e+00  1.615110e+00  -2.844788e-02 
6.960000e-01  1.601133e+00  1.605619e+00  -4.486483e-03 
6.970000e-01  1.636919e+00  1.634314e+00  2.605816e-03 
6.980000e-01  1.606079e+00  1.606501e+00  -4.228133e-04 
6.990000e-01  1.634961e+00  1.638455e+00  -3.494054e-03 
7.000000e-01  1.604538e+00  1.605463e+00  -9.244183e-04 
7.010000e-01  1.666569e+00  1.664391e+00  2.178204e-03 
7.020000e-01  1.681498e+00  1.678534e+00  2.963981e-03 
7.030000e-01  1.713010e+00  1.702666e+00  1.034318e-02 
7.040000e-01  1.712844e+00  1.692590e+00  2.025416e-02 
7.050000e-01  1.645606e+00  1.618006e+00  2.760019e-02 
7.060000e-01  1.624239e+00  1.582945e+00  4.129409e-02 
7.070000e-01  1.635664e+00  1.595082e+00  4.058172e-02 
7.080000e-01  1.653159e+00  1.607409e+00  4.575063e-02 
7.090000e-01  1.614559e+00  1.572261e+00  4.229802e-02 
7.100000e-01  1.597284e+00  1.560892e+00  3.639209e-02 
7.110000e-01  1.617944e+00  1.588389e+00  2.955527e-02 
7.120000e-01  1.619505e+00  1.593700e+00  2.580460e-02 
7.130000e-01  1.624595e+00  1.591293e+00  3.330186e-02 
7.140000e-01  1.648256e+00  1.614040e+00  3.421620e-02 
7.150000e-01  1.629913e+00  1.574055e+00  5.585852e-02 
7.160000e-01  1.611477e+00  1.575456e+00  3.602102e-02 
7.170000e-01  1.546391e+00  1.519148e+00  2.724268e-02 
7.180000e-01  1.493851e+00  1.472163e+00  2.168844e-02 
7.190000e-01  1.458276e+00  1.433658e+00  2.461779e-02 
7.200000e-01  1.462641e+00  1.440646e+00  2.199489e-02 
7.210000e-01  1.444754e+00  1.428346e+00  1.640767e-02 
7.220000e-01  1.435796e+00  1.420532e+00  1.526421e-02 
7.230000e-01  1.473144e+00  1.458767e+00  1.437698e-02 
7.240000e-01  1.457908e+00  1.435182e+00  2.272619e-02 
7.250000e-01  1.471900e+00  1.452855e+00  1.904521e-02 
7.260000e-01  1.501146e+00  1.488284e+00  1.286190e-02 
7.270000e-01  1.575142e+00  1.579865e+00  -4.723274e-03 
7.280000e-01  1.539673e+00  1.539161e+00  5.128223e-04 
7.290000e-01  1.497731e+00  1.493418e+00  4.312378e-03 
7.300000e-01  1.530021e+00  1.515808e+00  1.421319e-02 
7.310000e-01  1.522265e+00  1.511504e+00  1.076087e-02 
7.320000e-01  1.544321e+00  1.526391e+00  1.792924e-02 
7.330000e-01  1.538951e+00  1.534215e+00  4.735901e-03 
7.340000e-01  1.527697e+00  1.526536e+00  1.160127e-03 
7.350000e-01  1.532014e+00  1.525269e+00  6.744976e-03 
7.360000e-01  1.491132e+00  1.478721e+00  1.241104e-02 
7.370000e-01  1.497851e+00  1.473841e+00  2.400964e-02 
7.380000e-01  1.476055e+00  1.456706e+00  1.934841e-02 
7.390000e-01  1.493913e+00  1.461620e+00  3.229310e-02 
7.400000e-01  1.447670e+00  1.416677e+00  3.099261e-02 
7.410000e-01  1.435747e+00  1.413210e+00  2.253690e-02 
7.420000e-01  1.451136e+00  1.419888e+00  3.124818e-02 
7.430000e-01  1.408057e+00  1.374826e+00  3.323040e-02 
7.440000e-01  1.425935e+00  1.414459e+00  1.147588e-02 
7.450000e-01  1.426818e+00  1.408602e+00  1.821562e-02 
7.460000e-01  1.437668e+00  1.424313e+00  1.335492e-02 
7.470000e-01  1.415637e+00  1.409253e+00  6.384162e-03 
7.480000e-01  1.424375e+00  1.413496e+00  1.087883e-02 
7.490000e-01  1.458187e+00  1.435363e+00  2.282337e-02 
7.500000e-01  1.469011e+00  1.441005e+00  2.800555e-02 
7.510000e-01  1.448137e+00  1.419501e+00  2.863588e-02 
7.520000e-01  1.479520e+00  1.462257e+00  1.726315e-02 
7.530000e-01  1.450046e+00  1.431849e+00  1.819622e-02 
7.540000e-01  1.451069e+00  1.429927e+00  2.114168e-02 
7.550000e-01  1.487266e+00  1.472303e+00  1.496305e-02 
7.560000e-01  1.503925e+00  1.497736e+00  6.189639e-03 
7.570000e-01  1.493872e+00  1.491633e+00  2.238735e-03 
7.580000e-01  1.469366e+00  1.464146e+00  5.219621e-03 
7.590000e-01  1.427299e+00  1.419328e+00  7.970287e-03 
7.600000e-01  1.444122e+00  1.450232e+00  -6.110678e-03 
7.610000e-01  1.462429e+00  1.479307e+00  -1.687769e-02 
7.620000e-01  1.507146e+00  1.511201e+00  -4.054322e-03 
7.630000e-01  1.502804e+00  1.500215e+00  2.589423e-03 
7.640000e-01  1.566539e+00  1.550040e+00  1.649874e-02 
7.650000e-01  1.547516e+00  1.541525e+00  5.990425e-03 
7.660000e-01  1.578969e+00  1.581426e+00  -2.457598e-03 
7.670000e-01  1.568179e+00  1.587339e+00  -1.916014e-02 
7.680000e-01  1.572333e+00  1.583980e+00  -1.164674e-02 
7.690000e-01  1.587497e+00  1.592062e+00  -4.564678e-03 
7.700000e-01  1.593521e+00  1.590279e+00  3.242754e-03 
7.710000e-01  1.611074e+00  1.599172e+00  1.190172e-02 
7.720000e-01  1.590616e+00  1.591406e+00  -7.900030e-04 
7.730000e-01  1.601033e+00  1.595726e+00  5.306541e-03 
7.740000e-01  1.578640e+00  1.571270e+00  7.369917e-03 
7.750000e-01  1.588261e+00  1.580157e+00  8.103980e-03 
7.760000e-01  1.592102e+00  1.585298e+00  6.803730e-03 
7.770000e-01  1.559099e+00  1.550372e+00  8.727809e-03 
7.780000e-01  1.559241e+00  1.566464e+00  -7.222640e-03 
7.790000e-01  1.553338e+00  1.567486e+00  -1.414754e-02 
7.800000e-01  1.586543e+00  1.626223e+00  -3.968032e-02 
7.810000e-01  1.558698e+00  1.596098e+00  -3.740030e-02 
7.820000e-01  1.531203e+00  1.576183e+00  -4.497943e-02 
7.830000e-01  1.546729e+00  1.596167e+00  -4.943740e-02 
7.840000e-01  1.602018e+00  1.658688e+00  -5.666986e-02 
7.850000e-01  1.564129e+00  1.613405e+00  -4.927540e-02 
7.860000e-01  1.556195e+00  1.605544e+00  -4.934955e-02 
7.870000e-01  1.550594e+00  1.601608e+00  -5.101389e-02 
7.880000e-01  1.567599e+00  1.610183e+00  -4.258459e-02 
7.890000e-01  1.498039e+00  1.534537e+00  -3.649826e-02 
7.900000e-01  1.455938e+00  1.500223e+00  -4.428533e-02 
7.910000e-01  1.424285e+00  1.464892e+00  -4.060717e-02 
7.920000e-01  1.414614e+00  1.458632e+00  -4.401807e-02 
7.930000e-01  1.417694e+00  1.461878e+00  -4.418483e-02 
7.940000e-01  1.357643e+00  1.400155e+00  -4.251160e-02 
7.950000e-01  1.350113e+00  1.395451e+00  -4.533728e-02 
7.960000e-01  1.290322e+00  1.328369e+00  -3.804687e-02 
7.970000e-01  1.286616e+00  1.327796e+00  -4.118013e-02 
7.980000e-01  1.258177e+00  1.311593e+00  -5.341606e-02 
7.990000e-01  1.303582e+00  1.363277e+00  -5.969500e-02 
8.000000e-01  1.287238e+00  1.356224e+00  -6.898608e-02 
8.010000e-01  1.311757e+00  1.375915e+00  -6.415772e-02 
8.020000e-01  1.311131e+00  1.378752e+00  -6.762021e-02 
8.030000e-01  1.309937e+00  1.379896e+00  -6.995947e-02 
8.040000e-01  1.335527e+00  1.416869e+00  -8.134186e-02 
8.050000e-01  1.355412e+00  1.438350e+00  -8.293733e-02 
8.060000e-01  1.340286e+00  1.422304e+00  -8.201741e-02 
8.070000e-01  1.288546e+00  1.370161e+00  -8.161443e-02 
8.080000e-01  1.259651e+00  1.341038e+00  -8.138672e-02 
8.090000e-01  1.295170e+00  1.374983e+00  -7.981267e-02 
8.100000e-01  1.304804e+00  1.377043e+00  -7.223892e-02 
8.110000e-01  1.292578e+00  1.354188e+00  -6.161054e-02 
8.120000e-01  1.279399e+00  1.351686e+00  -7.228762e-02 
8.130000e-01  1.302165e+00  1.373627e+00  -7.146183e-02 
8.140000e-01  1.284142e+00  1.347977e+00  -6.383589e-02 
8.150000e-01  1.315071e+00  1.389661e+00  -7.459033e-02 
8.160000e-01  1.392566e+00  1.459019e+00  -6.645352e-02 
8.170000e-01  1.353273e+00  1.412137e+00  -5.886347e-02 
8.180000e-01  1.335742e+00  1.399754e+00  -6.401182e-02 
8.190000e-01  1.320631e+00  1.381973e+00  -6.134188e-02 
8.200000e-01  1.277277e+00  1.337510e+00  -6.023296e-02 
8.210000e-01  1.349264e+00  1.410993e+00  -6.172930e-02 
8.220000e-01  1.351380e+00  1.406886e+00  -5.550600e-02 
8.230000e-01  1.381754e+00  1.437302e+00  -5.554800e-02 
8.240000e-01  1.387989e+00  1.434857e+00  -4.686855e-02 
8.250000e-01  1.381901e+00  1.408754e+00  -2.685233e-02 
8.260000e-01  1.385797e+00  1.406717e+00  -2.091993e-02 
8.270000e-01  1.412918e+00  1.443272e+00  -3.035400e-02 
8.280000e-01  1.358782e+00  1.376698e+00  -1.791632e-02 
8.290000e-01  1.321499e+00  1.338362e+00  -1.686312e-02 
8.300000e-01  1.305551e+00  1.314865e+00  -9.314002e-03 
8.310000e-01  1.260963e+00  1.272424e+00  -1.146084e-02 
8.320000e-01  1.281351e+00  1.287642e+00  -6.291494e-03 
8.330000e-01  1.258906e+00  1.253218e+00  5.688363e-03 
8.340000e-01  1.286220e+00  1.281284e+00  4.936659e-03 
8.350000e-01  1.254197e+00  1.243288e+00  1.090882e-02 
8.360000e-01  1.218040e+00  1.204360e+00  1.368030e-02 
8.370000e-01  1.246128e+00  1.233496e+00  1.263221e-02 
8.380000e-01  1.200108e+00  1.197156e+00  2.951689e-03 
8.390000e-01  1.203753e+00  1.200112e+00  3.641511e-03 
8.400000e-01  1.210198e+00  1.216205e+00  -6.007421e-03 
8.410000e-01  1.187042e+00  1.192826e+00  -5.783549e-03 
8.420000e-01  1.163186e+00  1.164879e+00  -1.693103e-03 
8.430000e-01  1.208828e+00  1.210462e+00  -1.633860e-03 
8.440000e-01  1.173728e+00  1.180638e+00  -6.909766e-03 
8.450000e-01  1.160779e+00  1.180560e+00  -1.978129e-02 
8.460000e-01  1.188169e+00  1.203378e+00  -1.520860e-02 
8.470000e-01  1.207292e+00  1.225883e+00  -1.859123e-02 
8.480000e-01  1.231605e+00  1.252516e+00  -2.091147e-02 
8.490000e-01  1.183917e+00  1.192640e+00  -8.723676e-03 
8.500000e-01  1.180241e+00  1.186835e+00  -6.593828e-03 
8.510000e-01  1.169098e+00  1.177672e+00  -8.573784e-03 
8.520000e-01  1.146793e+00  1.144962e+00  1.831174e-03 
8.530000e-01  1.132745e+00  1.133716e+00  -9.709247e-04 
8.540000e-01  1.106644e+00  1.112353e+00  -5.709935e-03 
8.550000e-01  1.114826e+00  1.120847e+00  -6.021070e-03 
8.560000e-01  1.074126e+00  1.091290e+00  -1.716420e-02 
8.570000e-01  1.066729e+00  1.083047e+00  -1.631807e-02 
8.580000e-01  1.040620e+00  1.062305e+00  -2.168490e-02 
8.590000e-01  1.052823e+00  1.071583e+00  -1.876003e-02 
8.600000e-01  1.116895e+00  1.133883e+00  -1.698833e-02 
8.610000e-01  1.119011e+00  1.143229e+00  -2.421827e-02 
8.620000e-01  1.122763e+00  1.159094e+00  -3.633136e-02 
8.630000e-01  1.129114e+00  1.163777e+00  -3.466289e-02 
8.640000e-01  1.166005e+00  1.208131e+00  -4.212656e-02 
8.650000e-01  1.153864e+00  1.202780e+00  -4.891591e-02 
8.660000e-01  1.162028e+00  1.199454e+00  -3.742647e-02 
8.670000e-01  1.153254e+00  1.192308e+00  -3.905382e-02 
8.680000e-01  1.189134e+00  1.231272e+00  -4.213769e-02 
8.690000e-01  1.228961e+00  1.262406e+00  -3.344423e-02 
8.700000e-01  1.211872e+00  1.244523e+00  -3.265097e-02 
8.710000e-01  1.198660e+00  1.252277e+00  -5.361651e-02 
8.720000e-01  1.221020e+00  1.268899e+00  -4.787911e-02 
8.730000e-01  1.247607e+00  1.293901e+00  -4.629465e-02 
8.740000e-01  1.258299e+00  1.308005e+00  -4.970564e-02 
8.750000e-01  1.250984e+00  1.296218e+00  -4.523408e-02 
8.760000e-01  1.252309e+00  1.299173e+00  -4.686399e-02 
8.770000e-01  1.247235e+00  1.288374e+00  -4.113868e-02 
8.780000e-01  1.293378e+00  1.346598e+00  -5.322059e-02 
8.790000e-01  1.270233e+00  1.312224e+00  -4.199042e-02 
8.800000e-01  1.296926e+00  1.335098e+00  -3.817218e-02 
8.810000e-01  1.337666e+00  1.375403e+00  -3.773672e-02 
8.820000e-01  1.372876e+00  1.401254e+00  -2.837771e-02 
8.830000e-01  1.384595e+00  1.410933e+00  -2.633839e-02 
8.840000e-01  1.396397e+00  1.418134e+00  -2.173696e-02 
8.850000e-01  1.379485e+00  1.412524e+00  -3.303879e-02 
8.860000e-01  1.401282e+00  1.442916e+00  -4.163435e-02 
8.870000e-01  1.399921e+00  1.430049e+00  -3.012768e-02 
8.880000e-01  1.434322e+00  1.473632e+00  -3.930952e-02 
8.890000e-01  1.440796e+00  1.476506e+00  -3.570950e-02 
8.900000e-01  1.381395e+00  1.411002e+00  -2.960698e-02 
8.910000e-01  1.345797e+00  1.384141e+00  -3.834369e-02 
8.920000e-01  1.352178e+00  1.399706e+00  -4.752806e-02 
8.930000e-01  1.349525e+00  1.411133e+00  -6.160803e-02 
8.940000e-01  1.314205e+00  1.378103e+00  -6.389838e-02 
8.950000e-01  1.326022e+00  1.391844e+00  -6.582238e-02 
8.960000e-01  1.379002e+00  1.436826e+00  -5.782411e-02 
8.970000e-01  1.449013e+00  1.521025e+00  -7.201185e-02 
8.980000e-01  1.462505e+00  1.528965e+00  -6.645985e-02 
8.990000e-01  1.432710e+00  1.501984e+00  -6.927397e-02 
9.000000e-01  1.429650e+00  1.501470e+00  -7.181962e-02 
9.010000e-01  1.399530e+00  1.476800e+00  -7.727021e-02 
9.020000e-01  1.432957e+00  1.508730e+00  -7.577277e-02 
9.030000e-01  1.355068e+00  1.428747e+00  -7.367926e-02 
9.040000e-01  1.322748e+00  1.407350e+00  -8.460177e-02 
9.050000e-01  1.319178e+00  1.404505e+00  -8.532744e-02 
9.060000e-01  1.327307e+00  1.415408e+00  -8.810133e-02 
9.070000e-01  1.394486e+00  1.492032e+00  -9.754613e-02 
9.080000e-01  1.397543e+00  1.490171e+00  -9.262839e-02 
9.090000e-01  1.350130e+00  1.436338e+00  -8.620794e-02 
9.100000e-01  1.350731e+00  1.432823e+00  -8.209144e-02 
9.110000e-01  1.332510e+00  1.416861e+00  -8.435060e-02 
9.120000e-01  1.383785e+00  1.456423e+00  -7.263851e-02 
9.130000e-01  1.371269e+00  1.436409e+00  -6.514015e-02 
9.140000e-01  1.385761e+00  1.445450e+00  -5.968856e-02 
9.150000e-01  1.346629e+00  1.391312e+00  -4.468250e-02 
9.160000e-01  1.358280e+00  1.398969e+00  -4.068900e-02 
9.170000e-01  1.378015e+00  1.423610e+00  -4.559547e-02 
9.180000e-01  1.411350e+00  1.446950e+00  -3.559975e-02 
9.190000e-01  1.411108e+00  1.439741e+00  -2.863293e-02 
9.200000e-01  1.392025e+00  1.410305e+00  -1.827924e-02 
9.210000e-01  1.372501e+00  1.388512e+00  -1.601082e-02 
9.220000e-01  1.392583e+00  1.400317e+00  -7.733292e-03 
9.230000e-01  1.410355e+00  1.414476e+00  -4.120492e-03 
9.240000e-01  1.377475e+00  1.378311e+00  -8.358498e-04 
9.250000e-01  1.326128e+00  1.332865e+00  -6.736649e-03 
9.260000e-01  1.314358e+00  1.317702e+00  -3.343898e-03 
9.270000e-01  1.286641e+00  1.295287e+00  -8.645597e-03 
9.280000e-01  1.301519e+00  1.304687e+00  -3.168113e-03 
9.290000e-01  1.323715e+00  1.329940e+00  -6.224849e-03 
9.300000e-01  1.300821e+00  1.308941e+00  -8.119648e-03 
9.310000e-01  1.327877e+00  1.329704e+00  -1.827076e-03 
9.320000e-01  1.325320e+00  1.341181e+00  -1.586113e-02 
9.330000e-01  1.293640e+00  1.319527e+00  -2.588701e-02 
9.340000e-01  1.253488e+00  1.286525e+00  -3.303711e-02 
9.350000e-01  1.227238e+00  1.251072e+00  -2.383391e-02 
9.360000e-01  1.236650e+00  1.251778e+00  -1.512884e-02 
9.370000e-01  1.259669e+00  1.280153e+00  -2.048323e-02 
9.380000e-01  1.269013e+00  1.308790e+00  -3.977602e-02 
9.390000e-01  1.245570e+00  1.287665e+00  -4.209456e-02 
9.400000e-01  1.260320e+00  1.306816e+00  -4.649623e-02 
9.410000e-01  1.253236e+00  1.310740e+00  -5.750404e-02 
9.420000e-01  1.276368e+00  1.331843e+00  -5.547488e-02 
9.430000e-01  1.322526e+00  1.383231e+00  -6.070456e-02 
9.440000e-01  1.387024e+00  1.445278e+00  -5.825417e-02 
9.450000e-01  1.368137e+00  1.433172e+00  -6.503508e-02 
9.460000e-01  1.325236e+00  1.400659e+00  -7.542292e-02 
9.470000e-01  1.344012e+00  1.417618e+00  -7.360635e-02 
9.480000e-01  1.332908e+00  1.400469e+00  -6.756078e-02 
9.490000e-01  1.334642e+00  1.404007e+00  -6.936492e-02 
9.500000e-01  1.385755e+00  1.456297e+00  -7.054152e-02 
9.510000e-01  1.394356e+00  1.460421e+00  -6.606536e-02 
9.520000e-01  1.434307e+00  1.477775e+00  -4.346809e-02 
9.530000e-01  1.394716e+00  1.433535e+00  -3.881925e-02 
9.540000e-01  1.354509e+00  1.394405e+00  -3.989554e-02 
9.550000e-01  1.368815e+00  1.401054e+00  -3.223880e-02 
9.560000e-01  1.391381e+00  1.409946e+00  -1.856490e-02 
9.570000e-01  1.333933e+00  1.349541e+00  -1.560786e-02 
9.580000e-01  1.351225e+00  1.377573e+00  -2.634830e-02 
9.590000e-01  1.342340e+00  1.365569e+00  -2.322856e-02 
9.600000e-01  1.342545e+00  1.359127e+00  -1.658119e-02 
9.610000e-01  1.308232e+00  1.317468e+00  -9.236095e-03 
9.620000e-01  1.345013e+00  1.360028e+00  -1.501475e-02 
9.630000e-01  1.413771e+00  1.426542e+00  -1.277094e-02 
9.640000e-01  1.384301e+00  1.413973e+00  -2.967252e-02 
9.650000e-01  1.380132e+00  1.408429e+00  -2.829617e-02 
9.660000e-01  1.406191e+00  1.437437e+00  -3.124564e-02 
9.670000e-01  1.344205e+00  1.367400e+00  -2.319541e-02 
9.680000e-01  1.316946e+00  1.342951e+00  -2.600555e-02 
9.690000e-01  1.287156e+00  1.308287e+00  -2.113073e-02 
9.700000e-01  1.268433e+00  1.280027e+00  -1.159456e-02 
9.710000e-01  1.304811e+00  1.317977e+00  -1.316660e-02 
9.720000e-01  1.281153e+00  1.294533e+00  -1.337982e-02 
9.730000e-01  1.353089e+00  1.368759e+00  -1.567000e-02 
9.740000e-01  1.353463e+00  1.378610e+00  -2.514730e-02 
9.750000e-01  1.351067e+00  1.378239e+00  -2.717208e-02 
9.760000e-01  1.297436e+00  1.326994e+00  -2.955816e-02 
9.770000e-01  1.298835e+00  1.329456e+00  -3.062064e-02 
9.780000e-01  1.299239e+00  1.343314e+00  -4.407534e-02 
9.790000e-01  1.335784e+00  1.380327e+00  -4.454365e-02 
9.800000e-01  1.334285e+00  1.386606e+00  -5.232058e-02 
9.810000e-01  1.317013e+00  1.374717e+00  -5.770437e-02 
9.820000e-01  1.378877e+00  1.444093e+00  -6.521672e-02 
9.830000e-01  1.355052e+00  1.422035e+00  -6.698318e-02 
9.840000e-01  1.370186e+00  1.421662e+00  -5.147632e-02 
9.850000e-01  1.411769e+00  1.460470e+00  -4.870063e-02 
9.860000e-01  1.419410e+00  1.471662e+00  -5.225149e-02 
9.870000e-01  1.385941e+00  1.432489e+00  -4.654794e-02 
9.880000e-01  1.389263e+00  1.439851e+00  -5.058818e-02 
9.890000e-01  1.430654e+00  1.484630e+00  -5.397581e-02 
9.900000e-01  1.428357e+00  1.490402e+00  -6.204518e-02 
9.910000e-01  1.380322e+00  1.435520e+00  -5.519795e-02 
9.920000e-01  1.421085e+00  1.467607e+00  -4.652176e-02 
9.930000e-01  1.461678e+00  1.511015e+00  -4.933760e-02 
9.940000e-01  1.458605e+00  1.504799e+00  -4.619445e-02 
9.950000e-01  1.446143e+00  1.492620e+00  -4.647708e-02 
9.960000e-01  1.461947e+00  1.516927e+00  -5.497943e-02 
9.970000e-01  1.408894e+00  1.469585e+00  -6.069090e-02 
9.980000e-01  1.390485e+00  1.441427e+00  -5.094135e-02 
9.990000e-01  1.363029e+00  1.421730e+00  -5.870061e-02 
