0.000000e+00  1.000000e+00  1.000000e+00  0.000000e+00 
1.000000e-03  1.001151e+00  9.839160e-01  1.723539e-02 
2.000000e-03  1.010384e+00  9.829160e-01  2.746750e-02 
3.000000e-03  9.536095e-01  9.306764e-01  2.293315e-02 
4.000000e-03  9.472365e-01  9.254202e-01  2.181637e-02 
5.000000e-03  9.551010e-01  9.252717e-01  2.982934e-02 
6.000000e-03  9.792435e-01  9.512235e-01  2.801991e-02 
7.000000e-03  1.009500e+00  9.734851e-01  3.601454e-02 
8.000000e-03  1.006412e+00  9.756033e-01  3.080828e-02 
9.000000e-03  1.002766e+00  9.768570e-01  2.590870e-02 
1.000000e-02  9.864487e-01  9.674309e-01  1.901775e-02 
1.100000e-02  9.681386e-01  9.490340e-01  1.910463e-02 
1.200000e-02  9.826344e-01  9.314059e-01  5.122852e-02 
1.300000e-02  1.031446e+00  9.924652e-01  3.898049e-02 
1.400000e-02  1.025685e+00  9.855059e-01  4.017886e-02 
1.500000e-02  1.072116e+00  1.056709e+00  1.540763e-02 
1.600000e-02  1.079370e+00  1.044708e+00  3.466213e-02 
1.700000e-02  1.095097e+00  1.052667e+00  4.242972e-02 
1.800000e-02  1.101187e+00  1.058306e+00  4.288109e-02 
1.900000e-02  1.133417e+00  1.111912e+00  2.150508e-02 
2.000000e-02  1.171090e+00  1.154614e+00  1.647643e-02 
2.100000e-02  1.191960e+00  1.180949e+00  1.101177e-02 
2.200000e-02  1.210521e+00  1.208152e+00  2.369039e-03 
2.300000e-02  1.212246e+00  1.165149e+00  4.709750e-02 
2.400000e-02  1.224147e+00  1.174105e+00  5.004224e-02 
2.500000e-02  1.218926e+00  1.164369e+00  5.455652e-02 
2.600000e-02  1.262019e+00  1.210416e+00  5.160373e-02 
2.700000e-02  1.244476e+00  1.174628e+00  6.984831e-02 
2.800000e-02  1.238249e+00  1.147141e+00  9.110830e-02 
2.900000e-02  1.228841e+00  1.128302e+00  1.005387e-01 
3.000000e-02  1.229660e+00  1.139750e+00  8.991057e-02 
3.100000e-02  1.226911e+00  1.143022e+00  8.388887e-02 
3.200000e-02  1.247792e+00  1.143714e+00  1.040773e-01 
3.300000e-02  1.252589e+00  1.141602e+00  1.109866e-01 
3.400000e-02  1.229286e+00  1.143907e+00  8.537843e-02 
3.500000e-02  1.209812e+00  1.144018e+00  6.579373e-02 
3.600000e-02  1.209109e+00  1.153066e+00  5.604320e-02 
3.700000e-02  1.228588e+00  1.176437e+00  5.215032e-02 
3.800000e-02  1.241233e+00  1.167343e+00  7.388992e-02 
3.900000e-02  1.221602e+00  1.168477e+00  5.312461e-02 
4.000000e-02  1.256944e+00  1.231434e+00  2.550949e-02 
4.100000e-02  1.280355e+00  1.280463e+00  -1.083606e-04 
4.200000e-02  1.312698e+00  1.314740e+00  -2.041910e-03 
4.300000e-02  1.312719e+00  1.332165e+00  -1.944661e-02 
4.400000e-02  1.351087e+00  1.343332e+00  7.755070e-03 
4.500000e-02  1.322129e+00  1.301732e+00  2.039721e-02 
4.600000e-02  1.282326e+00  1.252954e+00  2.937154e-02 
4.700000e-02  1.241375e+00  1.201570e+00  3.980528e-02 
4.800000e-02  1.230232e+00  1.195063e+00  3.516905e-02 
4.900000e-02  1.230581e+00  1.199016e+00  3.156446e-02 
5.000000e-02  1.186266e+00  1.147974e+00  3.829190e-02 
5.100000e-02  1.176217e+00  1.140100e+00  3.611650e-02 
5.200000e-02  1.150673e+00  1.122934e+00  2.773949e-02 
5.300000e-02  1.197838e+00  1.164350e+00  3.348774e-02 
5.400000e-02  1.219868e+00  1.201155e+00  1.871258e-02 
5.500000e-02  1.192563e+00  1.168316e+00  2.424776e-02 
5.600000e-02  1.195912e+00  1.169523e+00  2.638913e-02 
5.700000e-02  1.221393e+00  1.200677e+00  2.071552e-02 
5.800000e-02  1.234473e+00  1.208763e+00  2.570964e-02 
5.900000e-02  1.299669e+00  1.317072e+00  -1.740237e-02 
6.000000e-02  1.317070e+00  1.300775e+00  1.629563e-02 
6.100000e-02  1.343972e+00  1.324676e+00  1.929617e-02 
6.200000e-02  1.337022e+00  1.304232e+00  3.279072e-02 
6.300000e-02  1.320659e+00  1.268019e+00  5.264029e-02 
6.400000e-02  1.307070e+00  1.285457e+00  2.161368e-02 
6.500000e-02  1.312068e+00  1.305107e+00  6.960652e-03 
6.600000e-02  1.257855e+00  1.255718e+00  2.137264e-03 
6.700000e-02  1.266112e+00  1.293296e+00  -2.718363e-02 
6.800000e-02  1.277370e+00  1.288370e+00  -1.099985e-02 
6.900000e-02  1.319405e+00  1.338324e+00  -1.891874e-02 
7.000000e-02  1.365794e+00  1.415237e+00  -4.944317e-02 
7.100000e-02  1.372126e+00  1.421334e+00  -4.920872e-02 
7.200000e-02  1.390463e+00  1.450189e+00  -5.972564e-02 
7.300000e-02  1.385457e+00  1.454445e+00  -6.898774e-02 
7.400000e-02  1.373867e+00  1.454534e+00  -8.066693e-02 
7.500000e-02  1.363021e+00  1.446334e+00  -8.331288e-02 
7.600000e-02  1.330092e+00  1.395604e+00  -6.551290e-02 
7.700000e-02  1.366666e+00  1.429573e+00  -6.290720e-02 
7.800000e-02  1.361407e+00  1.426549e+00  -6.514215e-02 
7.900000e-02  1.395887e+00  1.462146e+00  -6.625830e-02 
8.000000e-02  1.415158e+00  1.499486e+00  -8.432773e-02 
8.100000e-02  1.371544e+00  1.432609e+00  -6.106530e-02 
8.200000e-02  1.379527e+00  1.443647e+00  -6.412051e-02 
8.300000e-02  1.340026e+00  1.396788e+00  -5.676247e-02 
8.400000e-02  1.340991e+00  1.381835e+00  -4.084419e-02 
8.500000e-02  1.340417e+00  1.390006e+00  -4.958848e-02 
8.600000e-02  1.334208e+00  1.392297e+00  -5.808891e-02 
8.700000e-02  1.319338e+00  1.371054e+00  -5.171553e-02 
8.800000e-02  1.311842e+00  1.368585e+00  -5.674291e-02 
8.900000e-02  1.323166e+00  1.375558e+00  -5.239186e-02 
9.000000e-02  1.313028e+00  1.364679e+00  -5.165047e-02 
9.100000e-02  1.346973e+00  1.375337e+00  -2.836453e-02 
9.200000e-02  1.358391e+00  1.363026e+00  -4.635147e-03 
9.300000e-02  1.371412e+00  1.382456e+00  -1.104430e-02 
9.400000e-02  1.348789e+00  1.361613e+00  -1.282366e-02 
9.500000e-02  1.348021e+00  1.347578e+00  4.426589e-04 
9.600000e-02  1.372000e+00  1.362859e+00  9.140907e-03 
9.700000e-02  1.363046e+00  1.341914e+00  2.113256e-02 
9.800000e-02  1.393934e+00  1.370259e+00  2.367519e-02 
9.900000e-02  1.423763e+00  1.377333e+00  4.642926e-02 
1.000000e-01  1.409848e+00  1.376086e+00  3.376244e-02 
1.010000e-01  1.384824e+00  1.358723e+00  2.610107e-02 
1.020000e-01  1.370808e+00  1.357347e+00  1.346154e-02 
1.030000e-01  1.353784e+00  1.326282e+00  2.750167e-02 
1.040000e-01  1.321034e+00  1.313295e+00  7.739063e-03 
1.050000e-01  1.367737e+00  1.341141e+00  2.659534e-02 
1.060000e-01  1.379798e+00  1.345685e+00  3.411308e-02 
1.070000e-01  1.419066e+00  1.397734e+00  2.133128e-02 
1.080000e-01  1.432331e+00  1.408793e+00  2.353832e-02 
1.090000e-01  1.422258e+00  1.409669e+00  1.258875e-02 
1.100000e-01  1.450316e+00  1.431058e+00  1.925740e-02 
1.110000e-01  1.458475e+00  1.446645e+00  1.182931e-02 
1.120000e-01  1.438811e+00  1.467239e+00  -2.842735e-02 
1.130000e-01  1.391005e+00  1.418166e+00  -2.716154e-02 
1.140000e-01  1.402167e+00  1.400135e+00  2.031264e-03 
1.150000e-01  1.451479e+00  1.431322e+00  2.015647e-02 
1.160000e-01  1.444994e+00  1.412376e+00  3.261774e-02 
1.170000e-01  1.445787e+00  1.429120e+00  1.666702e-02 
1.180000e-01  1.422563e+00  1.430737e+00  -8.173667e-03 
1.190000e-01  1.350948e+00  1.367391e+00  -1.644270e-02 
1.200000e-01  1.420121e+00  1.463071e+00  -4.294981e-02 
1.210000e-01  1.416255e+00  1.456249e+00  -3.999318e-02 
1.220000e-01  1.402745e+00  1.395693e+00  7.052395e-03 
1.230000e-01  1.397271e+00  1.392065e+00  5.206400e-03 
1.240000e-01  1.400752e+00  1.381789e+00  1.896308e-02 
1.250000e-01  1.394676e+00  1.363644e+00  3.103232e-02 
1.260000e-01  1.360142e+00  1.325789e+00  3.435306e-02 
1.270000e-01  1.351240e+00  1.322961e+00  2.827947e-02 
1.280000e-01  1.367632e+00  1.343429e+00  2.420272e-02 
1.290000e-01  1.371912e+00  1.343001e+00  2.891047e-02 
1.300000e-01  1.407316e+00  1.381517e+00  2.579845e-02 
1.310000e-01  1.381440e+00  1.365423e+00  1.601678e-02 
1.320000e-01  1.359638e+00  1.341268e+00  1.836969e-02 
1.330000e-01  1.365573e+00  1.375495e+00  -9.921717e-03 
1.340000e-01  1.386946e+00  1.433031e+00  -4.608488e-02 
1.350000e-01  1.385244e+00  1.471647e+00  -8.640301e-02 
1.360000e-01  1.375338e+00  1.421659e+00  -4.632007e-02 
1.370000e-01  1.314118e+00  1.377397e+00  -6.327888e-02 
1.380000e-01  1.320386e+00  1.410871e+00  -9.048504e-02 
1.390000e-01  1.361875e+00  1.438355e+00  -7.647959e-02 
1.400000e-01  1.349717e+00  1.420532e+00  -7.081561e-02 
1.410000e-01  1.362335e+00  1.441950e+00  -7.961427e-02 
1.420000e-01  1.382758e+00  1.439427e+00  -5.666921e-02 
1.430000e-01  1.400951e+00  1.446652e+00  -4.570140e-02 
1.440000e-01  1.365236e+00  1.405606e+00  -4.036937e-02 
1.450000e-01  1.363910e+00  1.433393e+00  -6.948313e-02 
1.460000e-01  1.408638e+00  1.475326e+00  -6.668853e-02 
1.470000e-01  1.439510e+00  1.504295e+00  -6.478483e-02 
1.480000e-01  1.458195e+00  1.551643e+00  -9.344824e-02 
1.490000e-01  1.486498e+00  1.598531e+00  -1.120331e-01 
1.500000e-01  1.532446e+00  1.622726e+00  -9.027947e-02 
1.510000e-01  1.577843e+00  1.662290e+00  -8.444706e-02 
1.520000e-01  1.626390e+00  1.707137e+00  -8.074683e-02 
1.530000e-01  1.580526e+00  1.631673e+00  -5.114742e-02 
1.540000e-01  1.545998e+00  1.571854e+00  -2.585568e-02 
1.550000e-01  1.555225e+00  1.563320e+00  -8.094619e-03 
1.560000e-01  1.530301e+00  1.526259e+00  4.042545e-03 
1.570000e-01  1.529138e+00  1.507285e+00  2.185370e-02 
1.580000e-01  1.536839e+00  1.532253e+00  4.585956e-03 
1.590000e-01  1.510924e+00  1.508278e+00  2.646364e-03 
1.600000e-01  1.548638e+00  1.570551e+00  -2.191276e-02 
1.610000e-01  1.602873e+00  1.614214e+00  -1.134065e-02 
1.620000e-01  1.563421e+00  1.599638e+00  -3.621724e-02 
1.630000e-01  1.531093e+00  1.575325e+00  -4.423264e-02 
1.640000e-01  1.568989e+00  1.626123e+00  -5.713394e-02 
1.650000e-01  1.566105e+00  1.622149e+00  -5.604389e-02 
1.660000e-01  1.566190e+00  1.608046e+00  -4.185565e-02 
1.670000e-01  1.587869e+00  1.660898e+00  -7.302926e-02 
1.680000e-01  1.576940e+00  1.637131e+00  -6.019125e-02 
1.690000e-01  1.572769e+00  1.614826e+00  -4.205704e-02 
1.700000e-01  1.575941e+00  1.613359e+00  -3.741860e-02 
1.710000e-01  1.575769e+00  1.576443e+00  -6.735730e-04 
1.720000e-01  1.549707e+00  1.540924e+00  8.782886e-03 
1.730000e-01  1.552789e+00  1.520075e+00  3.271420e-02 
1.740000e-01  1.520434e+00  1.492710e+00  2.772416e-02 
1.750000e-01  1.496760e+00  1.475324e+00  2.143587e-02 
1.760000e-01  1.506303e+00  1.464959e+00  4.134373e-02 
1.770000e-01  1.512757e+00  1.472613e+00  4.014424e-02 
1.780000e-01  1.552761e+00  1.513367e+00  3.939446e-02 
1.790000e-01  1.558139e+00  1.493073e+00  6.506687e-02 
1.800000e-01  1.523195e+00  1.479293e+00  4.390210e-02 
1.810000e-01  1.548300e+00  1.477653e+00  7.064671e-02 
1.820000e-01  1.526477e+00  1.447229e+00  7.924778e-02 
1.830000e-01  1.604583e+00  1.453058e+00  1.515246e-01 
1.840000e-01  1.622609e+00  1.476812e+00  1.457973e-01 
1.850000e-01  1.615104e+00  1.456133e+00  1.589710e-01 
1.860000e-01  1.618186e+00  1.477381e+00  1.408058e-01 
1.870000e-01  1.617898e+00  1.466534e+00  1.513635e-01 
1.880000e-01  1.614783e+00  1.497441e+00  1.173418e-01 
1.890000e-01  1.558470e+00  1.462761e+00  9.570856e-02 
1.900000e-01  1.537770e+00  1.443068e+00  9.470183e-02 
1.910000e-01  1.578020e+00  1.492962e+00  8.505860e-02 
1.920000e-01  1.562307e+00  1.441895e+00  1.204120e-01 
1.930000e-01  1.590302e+00  1.432294e+00  1.580074e-01 
1.940000e-01  1.560264e+00  1.362170e+00  1.980941e-01 
1.950000e-01  1.505538e+00  1.300733e+00  2.048042e-01 
1.960000e-01  1.512351e+00  1.298354e+00  2.139973e-01 
1.970000e-01  1.481647e+00  1.268455e+00  2.131914e-01 
1.980000e-01  1.483222e+00  1.267676e+00  2.155460e-01 
1.990000e-01  1.452163e+00  1.223518e+00  2.286447e-01 
2.000000e-01  1.461479e+00  1.280867e+00  1.806116e-01 
2.010000e-01  1.437337e+00  1.268873e+00  1.684634e-01 
2.020000e-01  1.464408e+00  1.325950e+00  1.384575e-01 
2.030000e-01  1.477316e+00  1.359525e+00  1.177909e-01 
2.040000e-01  1.464486e+00  1.329034e+00  1.354519e-01 
2.050000e-01  1.461918e+00  1.315735e+00  1.461838e-01 
2.060000e-01  1.404730e+00  1.233010e+00  1.717203e-01 
2.070000e-01  1.416651e+00  1.237758e+00  1.788932e-01 
2.080000e-01  1.438304e+00  1.288301e+00  1.500027e-01 
2.090000e-01  1.387917e+00  1.218936e+00  1.689809e-01 
2.100000e-01  1.407933e+00  1.283601e+00  1.243317e-01 
2.110000e-01  1.415559e+00  1.274949e+00  1.406094e-01 
2.120000e-01  1.379539e+00  1.241596e+00  1.379432e-01 
2.130000e-01  1.367462e+00  1.213603e+00  1.538593e-01 
2.140000e-01  1.400296e+00  1.242446e+00  1.578498e-01 
2.150000e-01  1.425957e+00  1.237234e+00  1.887226e-01 
2.160000e-01  1.432571e+00  1.245488e+00  1.870824e-01 
2.170000e-01  1.455342e+00  1.302264e+00  1.530782e-01 
2.180000e-01  1.435520e+00  1.275175e+00  1.603458e-01 
2.190000e-01  1.462628e+00  1.322889e+00  1.397386e-01 
2.200000e-01  1.481061e+00  1.370782e+00  1.102792e-01 
2.210000e-01  1.454111e+00  1.344448e+00  1.096631e-01 
2.220000e-01  1.497411e+00  1.384432e+00  1.129790e-01 
2.230000e-01  1.510366e+00  1.428772e+00  8.159401e-02 
2.240000e-01  1.508522e+00  1.427544e+00  8.097758e-02 
2.250000e-01  1.500911e+00  1.418555e+00  8.235680e-02 
2.260000e-01  1.466950e+00  1.397619e+00  6.933153e-02 
2.270000e-01  1.457254e+00  1.402669e+00  5.458432e-02 
2.280000e-01  1.461672e+00  1.407598e+00  5.407366e-02 
2.290000e-01  1.453691e+00  1.402726e+00  5.096530e-02 
2.300000e-01  1.451931e+00  1.395264e+00  5.666717e-02 
2.310000e-01  1.507657e+00  1.467028e+00  4.062920e-02 
2.320000e-01  1.513864e+00  1.471018e+00  4.284607e-02 
2.330000e-01  1.515056e+00  1.489045e+00  2.601157e-02 
2.340000e-01  1.524791e+00  1.477938e+00  4.685303e-02 
2.350000e-01  1.505777e+00  1.476199e+00  2.957890e-02 
2.360000e-01  1.519119e+00  1.470104e+00  4.901467e-02 
2.370000e-01  1.527994e+00  1.458830e+00  6.916424e-02 
2.380000e-01  1.570306e+00  1.481980e+00  8.832588e-02 
2.390000e-01  1.606937e+00  1.530197e+00  7.674051e-02 
2.400000e-01  1.552904e+00  1.489339e+00  6.356461e-02 
2.410000e-01  1.588145e+00  1.514299e+00  7.384583e-02 
2.420000e-01  1.587509e+00  1.516064e+00  7.144548e-02 
2.430000e-01  1.591719e+00  1.512996e+00  7.872380e-02 
2.440000e-01  1.587331e+00  1.527761e+00  5.957008e-02 
2.450000e-01  1.569131e+00  1.528811e+00  4.031943e-02 
2.460000e-01  1.594865e+00  1.551921e+00  4.294392e-02 
2.470000e-01  1.597713e+00  1.580729e+00  1.698420e-02 
2.480000e-01  1.595886e+00  1.597616e+00  -1.729749e-03 
2.490000e-01  1.626805e+00  1.625612e+00  1.192879e-03 
2.500000e-01  1.609381e+00  1.600966e+00  8.415250e-03 
2.510000e-01  1.583957e+00  1.582928e+00  1.029436e-03 
2.520000e-01  1.544408e+00  1.546600e+00  -2.192796e-03 
2.530000e-01  1.541118e+00  1.550851e+00  -9.732846e-03 
2.540000e-01  1.556750e+00  1.558823e+00  -2.072950e-03 
2.550000e-01  1.570249e+00  1.574761e+00  -4.511609e-03 
2.560000e-01  1.529491e+00  1.551600e+00  -2.210874e-02 
2.570000e-01  1.514384e+00  1.518186e+00  -3.802337e-03 
2.580000e-01  1.524871e+00  1.517248e+00  7.623382e-03 
2.590000e-01  1.535940e+00  1.532621e+00  3.319705e-03 
2.600000e-01  1.534809e+00  1.522388e+00  1.242077e-02 
2.610000e-01  1.563677e+00  1.525858e+00  3.781937e-02 
2.620000e-01  1.550700e+00  1.487812e+00  6.288808e-02 
2.630000e-01  1.504454e+00  1.447349e+00  5.710505e-02 
2.640000e-01  1.530685e+00  1.467034e+00  6.365102e-02 
2.650000e-01  1.536073e+00  1.473198e+00  6.287500e-02 
2.660000e-01  1.482859e+00  1.389378e+00  9.348042e-02 
2.670000e-01  1.447072e+00  1.365003e+00  8.206818e-02 
2.680000e-01  1.474411e+00  1.409726e+00  6.468555e-02 
2.690000e-01  1.468368e+00  1.396432e+00  7.193548e-02 
2.700000e-01  1.496645e+00  1.405629e+00  9.101603e-02 
2.710000e-01  1.463060e+00  1.363436e+00  9.962367e-02 
2.720000e-01  1.463862e+00  1.368892e+00  9.497000e-02 
2.730000e-01  1.458373e+00  1.347268e+00  1.111057e-01 
2.740000e-01  1.485351e+00  1.350712e+00  1.346388e-01 
2.750000e-01  1.549760e+00  1.430779e+00  1.189805e-01 
2.760000e-01  1.500695e+00  1.422314e+00  7.838156e-02 
2.770000e-01  1.535587e+00  1.452107e+00  8.347945e-02 
2.780000e-01  1.520705e+00  1.439194e+00  8.151104e-02 
2.790000e-01  1.520148e+00  1.438053e+00  8.209527e-02 
2.800000e-01  1.464122e+00  1.368131e+00  9.599162e-02 
2.810000e-01  1.461201e+00  1.354818e+00  1.063832e-01 
2.820000e-01  1.445108e+00  1.328737e+00  1.163710e-01 
2.830000e-01  1.438358e+00  1.343540e+00  9.481858e-02 
2.840000e-01  1.456813e+00  1.369078e+00  8.773506e-02 
2.850000e-01  1.449027e+00  1.362369e+00  8.665783e-02 
2.860000e-01  1.459197e+00  1.403087e+00  5.611026e-02 
2.870000e-01  1.444429e+00  1.388799e+00  5.563033e-02 
2.880000e-01  1.428998e+00  1.390317e+00  3.868057e-02 
2.890000e-01  1.460229e+00  1.431963e+00  2.826647e-02 
2.900000e-01  1.441545e+00  1.420044e+00  2.150015e-02 
2.910000e-01  1.411507e+00  1.371782e+00  3.972573e-02 
2.920000e-01  1.446632e+00  1.373574e+00  7.305719e-02 
2.930000e-01  1.499942e+00  1.422356e+00  7.758573e-02 
2.940000e-01  1.476971e+00  1.399520e+00  7.745016e-02 
2.950000e-01  1.456202e+00  1.385132e+00  7.107045e-02 
2.960000e-01  1.445641e+00  1.397761e+00  4.787932e-02 
2.970000e-01  1.456108e+00  1.383119e+00  7.298813e-02 
2.980000e-01  1.480283e+00  1.410258e+00  7.002512e-02 
2.990000e-01  1.530097e+00  1.463044e+00  6.705360e-02 
3.000000e-01  1.512406e+00  1.428115e+00  8.429060e-02 
3.010000e-01  1.545973e+00  1.438839e+00  1.071339e-01 
3.020000e-01  1.571387e+00  1.448097e+00  1.232903e-01 
3.030000e-01  1.593162e+00  1.472079e+00  1.210834e-01 
3.040000e-01  1.632703e+00  1.522635e+00  1.100678e-01 
3.050000e-01  1.644016e+00  1.547107e+00  9.690862e-02 
3.060000e-01  1.668968e+00  1.567461e+00  1.015075e-01 
3.070000e-01  1.709428e+00  1.610664e+00  9.876371e-02 
3.080000e-01  1.691020e+00  1.571354e+00  1.196663e-01 
3.090000e-01  1.664494e+00  1.578913e+00  8.558158e-02 
3.100000e-01  1.630422e+00  1.532836e+00  9.758552e-02 
3.110000e-01  1.670863e+00  1.580780e+00  9.008335e-02 
3.120000e-01  1.701072e+00  1.644037e+00  5.703527e-02 
3.130000e-01  1.708165e+00  1.666461e+00  4.170418e-02 
3.140000e-01  1.671796e+00  1.644951e+00  2.684511e-02 
3.150000e-01  1.667444e+00  1.647681e+00  1.976257e-02 
3.160000e-01  1.653469e+00  1.640156e+00  1.331330e-02 
3.170000e-01  1.690119e+00  1.641063e+00  4.905635e-02 
3.180000e-01  1.683207e+00  1.661076e+00  2.213142e-02 
3.190000e-01  1.656360e+00  1.654269e+00  2.091030e-03 
3.200000e-01  1.701663e+00  1.690273e+00  1.139016e-02 
3.210000e-01  1.702700e+00  1.705619e+00  -2.918592e-03 
3.220000e-01  1.696605e+00  1.706496e+00  -9.891134e-03 
3.230000e-01  1.654472e+00  1.680443e+00  -2.597021e-02 
3.240000e-01  1.624474e+00  1.657002e+00  -3.252809e-02 
3.250000e-01  1.623326e+00  1.636752e+00  -1.342546e-02 
3.260000e-01  1.632769e+00  1.635427e+00  -2.658765e-03 
3.270000e-01  1.671290e+00  1.661985e+00  9.304798e-03 
3.280000e-01  1.632354e+00  1.647584e+00  -1.523038e-02 
3.290000e-01  1.601057e+00  1.618955e+00  -1.789774e-02 
3.300000e-01  1.602972e+00  1.614235e+00  -1.126284e-02 
3.310000e-01  1.583262e+00  1.548322e+00  3.494075e-02 
3.320000e-01  1.607682e+00  1.586376e+00  2.130620e-02 
3.330000e-01  1.657064e+00  1.637513e+00  1.955012e-02 
3.340000e-01  1.639444e+00  1.642323e+00  -2.878495e-03 
3.350000e-01  1.635481e+00  1.642540e+00  -7.058308e-03 
3.360000e-01  1.649666e+00  1.658743e+00  -9.076979e-03 
3.370000e-01  1.657714e+00  1.677097e+00  -1.938291e-02 
3.380000e-01  1.675002e+00  1.684984e+00  -9.981614e-03 
3.390000e-01  1.705545e+00  1.717340e+00  -1.179461e-02 
3.400000e-01  1.692490e+00  1.692621e+00  -1.313738e-04 
3.410000e-01  1.704022e+00  1.723619e+00  -1.959667e-02 
3.420000e-01  1.700452e+00  1.699015e+00  1.436828e-03 
3.430000e-01  1.705896e+00  1.715760e+00  -9.864339e-03 
3.440000e-01  1.700320e+00  1.712358e+00  -1.203800e-02 
3.450000e-01  1.667966e+00  1.666952e+00  1.014350e-03 
3.460000e-01  1.684905e+00  1.696866e+00  -1.196062e-02 
3.470000e-01  1.678043e+00  1.709780e+00  -3.173661e-02 
3.480000e-01  1.700005e+00  1.704866e+00  -4.860935e-03 
3.490000e-01  1.720195e+00  1.728486e+00  -8.290957e-03 
3.500000e-01  1.700807e+00  1.723132e+00  -2.232538e-02 
3.510000e-01  1.697024e+00  1.716992e+00  -1.996771e-02 
3.520000e-01  1.678301e+00  1.704735e+00  -2.643393e-02 
3.530000e-01  1.649962e+00  1.689989e+00  -4.002701e-02 
3.540000e-01  1.705363e+00  1.761023e+00  -5.565971e-02 
3.550000e-01  1.686265e+00  1.742598e+00  -5.633328e-02 
3.560000e-01  1.688846e+00  1.705499e+00  -1.665309e-02 
3.570000e-01  1.674582e+00  1.701570e+00  -2.698800e-02 
3.580000e-01  1.674363e+00  1.695454e+00  -2.109181e-02 
3.590000e-01  1.683433e+00  1.753708e+00  -7.027514e-02 
3.600000e-01  1.701932e+00  1.800279e+00  -9.834714e-02 
3.610000e-01  1.735303e+00  1.835171e+00  -9.986729e-02 
3.620000e-01  1.718029e+00  1.812687e+00  -9.465764e-02 
3.630000e-01  1.730310e+00  1.798220e+00  -6.791068e-02 
3.640000e-01  1.703102e+00  1.764390e+00  -6.128800e-02 
3.650000e-01  1.693410e+00  1.814283e+00  -1.208725e-01 
3.660000e-01  1.664263e+00  1.748196e+00  -8.393275e-02 
3.670000e-01  1.690355e+00  1.767403e+00  -7.704752e-02 
3.680000e-01  1.734532e+00  1.840609e+00  -1.060770e-01 
3.690000e-01  1.730639e+00  1.822334e+00  -9.169483e-02 
3.700000e-01  1.786439e+00  1.895454e+00  -1.090154e-01 
3.710000e-01  1.770394e+00  1.853819e+00  -8.342463e-02 
3.720000e-01  1.756664e+00  1.832247e+00  -7.558253e-02 
3.730000e-01  1.775595e+00  1.762139e+00  1.345609e-02 
3.740000e-01  1.747127e+00  1.740771e+00  6.355653e-03 
3.750000e-01  1.708886e+00  1.699412e+00  9.474488e-03 
3.760000e-01  1.700734e+00  1.737547e+00  -3.681259e-02 
3.770000e-01  1.712639e+00  1.762296e+00  -4.965684e-02 
3.780000e-01  1.732796e+00  1.761908e+00  -2.911249e-02 
3.790000e-01  1.768274e+00  1.798522e+00  -3.024848e-02 
3.800000e-01  1.795048e+00  1.853014e+00  -5.796522e-02 
3.810000e-01  1.808453e+00  1.900835e+00  -9.238142e-02 
3.820000e-01  1.827840e+00  1.967604e+00  -1.397636e-01 
3.830000e-01  1.838090e+00  1.964175e+00  -1.260844e-01 
3.840000e-01  1.840780e+00  1.944966e+00  -1.041860e-01 
3.850000e-01  1.829019e+00  1.967030e+00  -1.380109e-01 
3.860000e-01  1.827028e+00  1.976609e+00  -1.495817e-01 
3.870000e-01  1.858902e+00  2.018847e+00  -1.599454e-01 
3.880000e-01  1.841384e+00  2.000006e+00  -1.586221e-01 
3.890000e-01  1.844879e+00  1.967836e+00  -1.229563e-01 
3.900000e-01  1.847266e+00  1.946966e+00  -9.970012e-02 
3.910000e-01  1.870053e+00  1.949638e+00  -7.958479e-02 
3.920000e-01  1.848122e+00  1.923669e+00  -7.554685e-02 
3.930000e-01  1.847803e+00  1.923684e+00  -7.588080e-02 
3.940000e-01  1.851822e+00  1.913069e+00  -6.124746e-02 
3.950000e-01  1.861405e+00  1.927624e+00  -6.621893e-02 
3.960000e-01  1.881520e+00  1.932840e+00  -5.132055e-02 
3.970000e-01  1.920040e+00  1.945654e+00  -2.561379e-02 
3.980000e-01  1.929120e+00  1.952557e+00  -2.343613e-02 
3.990000e-01  1.924469e+00  1.914239e+00  1.022988e-02 
4.000000e-01  1.938651e+00  1.915145e+00  2.350605e-02 
4.010000e-01  1.944913e+00  1.908453e+00  3.645969e-02 
4.020000e-01  1.919496e+00  1.894931e+00  2.456496e-02 
4.030000e-01  1.943341e+00  1.920661e+00  2.267989e-02 
4.040000e-01  1.946891e+00  1.913820e+00  3.307160e-02 
4.050000e-01  1.919626e+00  1.882195e+00  3.743160e-02 
4.060000e-01  1.939736e+00  1.909734e+00  3.000185e-02 
4.070000e-01  1.934268e+00  1.890308e+00  4.395980e-02 
4.080000e-01  1.925326e+00  1.866012e+00  5.931369e-02 
4.090000e-01  1.916178e+00  1.907688e+00  8.490267e-03 
4.100000e-01  1.905352e+00  1.901886e+00  3.465909e-03 
4.110000e-01  1.970708e+00  1.972897e+00  -2.189170e-03 
4.120000e-01  1.981237e+00  1.981356e+00  -1.191204e-04 
4.130000e-01  1.979460e+00  1.987554e+00  -8.093478e-03 
4.140000e-01  2.007065e+00  2.021294e+00  -1.422900e-02 
4.150000e-01  2.031761e+00  2.010675e+00  2.108590e-02 
4.160000e-01  1.984156e+00  1.930312e+00  5.384335e-02 
4.170000e-01  1.988224e+00  1.967259e+00  2.096504e-02 
4.180000e-01  2.018334e+00  1.978675e+00  3.965923e-02 
4.190000e-01  2.016854e+00  1.955925e+00  6.092884e-02 
4.200000e-01  2.037397e+00  1.961182e+00  7.621447e-02 
4.210000e-01  2.049512e+00  1.988824e+00  6.068826e-02 
4.220000e-01  2.052948e+00  1.976701e+00  7.624700e-02 
4.230000e-01  2.060252e+00  1.974271e+00  8.598152e-02 
4.240000e-01  2.072033e+00  2.000509e+00  7.152395e-02 
4.250000e-01  2.055585e+00  1.967432e+00  8.815339e-02 
4.260000e-01  2.077229e+00  1.980270e+00  9.695840e-02 
4.270000e-01  2.086775e+00  1.941520e+00  1.452550e-01 
4.280000e-01  2.105209e+00  1.976122e+00  1.290874e-01 
4.290000e-01  2.094944e+00  1.956831e+00  1.381133e-01 
4.300000e-01  2.088503e+00  1.963622e+00  1.248805e-01 
4.310000e-01  2.106117e+00  1.921302e+00  1.848157e-01 
4.320000e-01  2.107134e+00  1.889194e+00  2.179405e-01 
4.330000e-01  2.073272e+00  1.836285e+00  2.369873e-01 
4.340000e-01  2.077911e+00  1.855286e+00  2.226253e-01 
4.350000e-01  2.075768e+00  1.893820e+00  1.819478e-01 
4.360000e-01  2.087998e+00  1.914903e+00  1.730948e-01 
4.370000e-01  2.059382e+00  1.872363e+00  1.870183e-01 
4.380000e-01  2.065338e+00  1.905236e+00  1.601021e-01 
4.390000e-01  2.072960e+00  1.894337e+00  1.786234e-01 
4.400000e-01  2.076839e+00  1.922036e+00  1.548037e-01 
4.410000e-01  2.049431e+00  1.887269e+00  1.621616e-01 
4.420000e-01  2.072989e+00  1.900949e+00  1.720396e-01 
4.430000e-01  2.098206e+00  1.954896e+00  1.433099e-01 
4.440000e-01  2.117202e+00  1.974547e+00  1.426559e-01 
4.450000e-01  2.104696e+00  1.990862e+00  1.138337e-01 
4.460000e-01  2.094411e+00  1.914618e+00  1.797928e-01 
4.470000e-01  2.113143e+00  1.930608e+00  1.825354e-01 
4.480000e-01  2.111526e+00  1.965985e+00  1.455403e-01 
4.490000e-01  2.096213e+00  1.944591e+00  1.516220e-01 
4.500000e-01  2.081590e+00  1.921931e+00  1.596590e-01 
4.510000e-01  2.070901e+00  1.856260e+00  2.146406e-01 
4.520000e-01  2.080217e+00  1.897957e+00  1.822600e-01 
4.530000e-01  2.084200e+00  1.875974e+00  2.082260e-01 
4.540000e-01  2.105124e+00  1.907283e+00  1.978413e-01 
4.550000e-01  2.106353e+00  1.956057e+00  1.502968e-01 
4.560000e-01  2.112936e+00  2.006853e+00  1.060829e-01 
4.570000e-01  2.116642e+00  1.997176e+00  1.194652e-01 
4.580000e-01  2.090187e+00  1.964888e+00  1.252991e-01 
4.590000e-01  2.091734e+00  1.958982e+00  1.327524e-01 
4.600000e-01  2.089533e+00  1.964999e+00  1.245338e-01 
4.610000e-01  2.083311e+00  1.954403e+00  1.289078e-01 
4.620000e-01  2.071406e+00  1.982071e+00  8.933557e-02 
4.630000e-01  2.068239e+00  1.935080e+00  1.331585e-01 
4.640000e-01  2.059690e+00  1.904763e+00  1.549266e-01 
4.650000e-01  2.059059e+00  1.876795e+00  1.822633e-01 
4.660000e-01  2.034047e+00  1.807847e+00  2.262006e-01 
4.670000e-01  2.047751e+00  1.831325e+00  2.164255e-01 
4.680000e-01  2.051891e+00  1.843085e+00  2.088065e-01 
4.690000e-01  2.074299e+00  1.864350e+00  2.099484e-01 
4.700000e-01  2.097703e+00  1.867536e+00  2.301663e-01 
4.710000e-01  2.115027e+00  1.870596e+00  2.444312e-01 
4.720000e-01  2.124689e+00  1.890588e+00  2.341003e-01 
4.730000e-01  2.155547e+00  2.000961e+00  1.545864e-01 
4.740000e-01  2.148079e+00  1.972627e+00  1.754520e-01 
4.750000e-01  2.188808e+00  2.037568e+00  1.512408e-01 
4.760000e-01  2.215767e+00  2.062308e+00  1.534594e-01 
4.770000e-01  2.210129e+00  2.040590e+00  1.695391e-01 
4.780000e-01  2.210239e+00  2.063448e+00  1.467910e-01 
4.790000e-01  2.189324e+00  2.067444e+00  1.218796e-01 
4.800000e-01  2.196765e+00  2.071742e+00  1.250233e-01 
4.810000e-01  2.187614e+00  2.027554e+00  1.600606e-01 
4.820000e-01  2.200170e+00  2.023303e+00  1.768672e-01 
4.830000e-01  2.182356e+00  2.023005e+00  1.593510e-01 
4.840000e-01  2.188402e+00  1.998708e+00  1.896946e-01 
4.850000e-01  2.180300e+00  2.011557e+00  1.687438e-01 
4.860000e-01  2.213819e+00  2.078060e+00  1.357595e-01 
4.870000e-01  2.214053e+00  2.083611e+00  1.304419e-01 
4.880000e-01  2.192569e+00  2.045041e+00  1.475285e-01 
4.890000e-01  2.186280e+00  2.019273e+00  1.670068e-01 
4.900000e-01  2.190810e+00  2.032012e+00  1.587989e-01 
4.910000e-01  2.172777e+00  1.962744e+00  2.100331e-01 
4.920000e-01  2.165680e+00  1.954363e+00  2.113170e-01 
4.930000e-01  2.171904e+00  1.968101e+00  2.038032e-01 
4.940000e-01  2.175926e+00  1.965602e+00  2.103234e-01 
4.950000e-01  2.165606e+00  1.952806e+00  2.127999e-01 
4.960000e-01  2.172186e+00  1.986065e+00  1.861207e-01 
4.970000e-01  2.177912e+00  2.024571e+00  1.533404e-01 
4.980000e-01  2.178282e+00  2.011894e+00  1.663885e-01 
4.990000e-01  2.186038e+00  2.002674e+00  1.833647e-01 
5.000000e-01  2.169280e+00  1.993828e+00  1.754515e-01 
5.010000e-01  2.165258e+00  2.002019e+00  1.632387e-01 
5.020000e-01  2.181485e+00  2.002080e+00  1.794044e-01 
5.030000e-01  2.193357e+00  2.042435e+00  1.509223e-01 
5.040000e-01  2.171946e+00  2.081453e+00  9.049285e-02 
5.050000e-01  2.186527e+00  2.070563e+00  1.159634e-01 
5.060000e-01  2.186603e+00  2.087176e+00  9.942730e-02 
5.070000e-01  2.199213e+00  2.086339e+00  1.128739e-01 
5.080000e-01  2.193872e+00  2.104032e+00  8.983922e-02 
5.090000e-01  2.203978e+00  2.141285e+00  6.269324e-02 
5.100000e-01  2.207070e+00  2.090292e+00  1.167782e-01 
5.110000e-01  2.195890e+00  2.096527e+00  9.936229e-02 
5.120000e-01  2.201204e+00  2.069884e+00  1.313198e-01 
5.130000e-01  2.189150e+00  2.039552e+00  1.495980e-01 
5.140000e-01  2.198659e+00  2.038521e+00  1.601382e-01 
5.150000e-01  2.198055e+00  2.050076e+00  1.479785e-01 
5.160000e-01  2.207853e+00  2.028456e+00  1.793970e-01 
5.170000e-01  2.206321e+00  2.049436e+00  1.568852e-01 
5.180000e-01  2.225047e+00  2.077143e+00  1.479041e-01 
5.190000e-01  2.229853e+00  2.102937e+00  1.269160e-01 
5.200000e-01  2.238183e+00  2.070338e+00  1.678447e-01 
5.210000e-01  2.228769e+00  2.019781e+00  2.089873e-01 
5.220000e-01  2.222763e+00  1.977398e+00  2.453657e-01 
5.230000e-01  2.215399e+00  1.991258e+00  2.241406e-01 
5.240000e-01  2.203647e+00  1.990977e+00  2.126700e-01 
5.250000e-01  2.194212e+00  2.002926e+00  1.912854e-01 
5.260000e-01  2.197184e+00  1.978931e+00  2.182533e-01 
5.270000e-01  2.197523e+00  1.986260e+00  2.112626e-01 
5.280000e-01  2.189113e+00  2.004090e+00  1.850233e-01 
5.290000e-01  2.206902e+00  2.019528e+00  1.873743e-01 
5.300000e-01  2.198309e+00  2.001888e+00  1.964213e-01 
5.310000e-01  2.215220e+00  2.016278e+00  1.989419e-01 
5.320000e-01  2.215985e+00  2.012340e+00  2.036457e-01 
5.330000e-01  2.224496e+00  1.982019e+00  2.424767e-01 
5.340000e-01  2.210615e+00  1.955902e+00  2.547137e-01 
5.350000e-01  2.235452e+00  2.009799e+00  2.256532e-01 
5.360000e-01  2.234034e+00  2.056555e+00  1.774791e-01 
5.370000e-01  2.246293e+00  2.048378e+00  1.979154e-01 
5.380000e-01  2.246545e+00  2.071807e+00  1.747382e-01 
5.390000e-01  2.241105e+00  2.034693e+00  2.064113e-01 
5.400000e-01  2.236893e+00  2.050834e+00  1.860588e-01 
5.410000e-01  2.247248e+00  2.105395e+00  1.418533e-01 
5.420000e-01  2.245220e+00  2.070021e+00  1.751995e-01 
5.430000e-01  2.265680e+00  2.139336e+00  1.263435e-01 
5.440000e-01  2.274603e+00  2.180067e+00  9.453589e-02 
5.450000e-01  2.286951e+00  2.214577e+00  7.237365e-02 
5.460000e-01  2.296749e+00  2.267364e+00  2.938496e-02 
5.470000e-01  2.298469e+00  2.227945e+00  7.052318e-02 
5.480000e-01  2.301244e+00  2.226897e+00  7.434658e-02 
5.490000e-01  2.290095e+00  2.205011e+00  8.508466e-02 
5.500000e-01  2.295191e+00  2.153637e+00  1.415543e-01 
5.510000e-01  2.306350e+00  2.127085e+00  1.792647e-01 
5.520000e-01  2.297555e+00  2.122028e+00  1.755269e-01 
5.530000e-01  2.289092e+00  2.128106e+00  1.609865e-01 
5.540000e-01  2.294484e+00  2.134435e+00  1.600497e-01 
5.550000e-01  2.307573e+00  2.144651e+00  1.629218e-01 
5.560000e-01  2.304064e+00  2.189600e+00  1.144643e-01 
5.570000e-01  2.295916e+00  2.178462e+00  1.174547e-01 
5.580000e-01  2.276669e+00  2.146313e+00  1.303560e-01 
5.590000e-01  2.277392e+00  2.122503e+00  1.548891e-01 
5.600000e-01  2.286739e+00  2.051037e+00  2.357015e-01 
5.610000e-01  2.269568e+00  2.017951e+00  2.516173e-01 
5.620000e-01  2.266251e+00  2.042169e+00  2.240822e-01 
5.630000e-01  2.261315e+00  2.050763e+00  2.105513e-01 
5.640000e-01  2.251479e+00  2.060482e+00  1.909971e-01 
5.650000e-01  2.253104e+00  2.052610e+00  2.004936e-01 
5.660000e-01  2.260699e+00  1.994905e+00  2.657942e-01 
5.670000e-01  2.261104e+00  2.016331e+00  2.447725e-01 
5.680000e-01  2.254885e+00  2.018261e+00  2.366238e-01 
5.690000e-01  2.248414e+00  2.011602e+00  2.368116e-01 
5.700000e-01  2.258558e+00  2.007388e+00  2.511697e-01 
5.710000e-01  2.272739e+00  1.997265e+00  2.754737e-01 
5.720000e-01  2.268708e+00  2.050688e+00  2.180201e-01 
5.730000e-01  2.267344e+00  2.077505e+00  1.898390e-01 
5.740000e-01  2.249469e+00  2.080537e+00  1.689311e-01 
5.750000e-01  2.255262e+00  2.096119e+00  1.591436e-01 
5.760000e-01  2.255510e+00  2.108224e+00  1.472866e-01 
5.770000e-01  2.229288e+00  2.092056e+00  1.372320e-01 
5.780000e-01  2.217364e+00  2.102299e+00  1.150649e-01 
5.790000e-01  2.212387e+00  2.075394e+00  1.369932e-01 
5.800000e-01  2.210873e+00  2.027296e+00  1.835775e-01 
5.810000e-01  2.202131e+00  1.987651e+00  2.144792e-01 
5.820000e-01  2.184319e+00  1.943963e+00  2.403559e-01 
5.830000e-01  2.180571e+00  1.953811e+00  2.267609e-01 
5.840000e-01  2.197050e+00  1.961669e+00  2.353810e-01 
5.850000e-01  2.175112e+00  1.886669e+00  2.884427e-01 
5.860000e-01  2.196142e+00  1.953148e+00  2.429943e-01 
5.870000e-01  2.187064e+00  1.947199e+00  2.398650e-01 
5.880000e-01  2.184365e+00  1.924444e+00  2.599212e-01 
5.890000e-01  2.214931e+00  1.966980e+00  2.479504e-01 
5.900000e-01  2.220796e+00  1.953910e+00  2.668862e-01 
5.910000e-01  2.239041e+00  1.968570e+00  2.704708e-01 
5.920000e-01  2.232334e+00  1.997142e+00  2.351927e-01 
5.930000e-01  2.253337e+00  2.037085e+00  2.162522e-01 
5.940000e-01  2.253045e+00  2.018915e+00  2.341308e-01 
5.950000e-01  2.273352e+00  2.035210e+00  2.381423e-01 
5.960000e-01  2.263858e+00  2.014575e+00  2.492828e-01 
5.970000e-01  2.271586e+00  2.037542e+00  2.340447e-01 
5.980000e-01  2.283842e+00  1.980723e+00  3.031185e-01 
5.990000e-01  2.305748e+00  2.012309e+00  2.934391e-01 
6.000000e-01  2.293985e+00  2.000817e+00  2.931683e-01 
6.010000e-01  2.276282e+00  1.946982e+00  3.292998e-01 
6.020000e-01  2.274987e+00  1.940740e+00  3.342471e-01 
6.030000e-01  2.297083e+00  1.949600e+00  3.474825e-01 
6.040000e-01  2.305612e+00  1.972120e+00  3.334923e-01 
6.050000e-01  2.321482e+00  2.040517e+00  2.809656e-01 
6.060000e-01  2.321197e+00  2.027721e+00  2.934756e-01 
6.070000e-01  2.327931e+00  2.033379e+00  2.945517e-01 
6.080000e-01  2.340265e+00  2.044526e+00  2.957397e-01 
6.090000e-01  2.341223e+00  2.041530e+00  2.996933e-01 
6.100000e-01  2.345545e+00  2.034233e+00  3.113111e-01 
6.110000e-01  2.332756e+00  2.031855e+00  3.009009e-01 
6.120000e-01  2.349138e+00  2.067397e+00  2.817409e-01 
6.130000e-01  2.357148e+00  2.122037e+00  2.351113e-01 
6.140000e-01  2.366040e+00  2.126384e+00  2.396560e-01 
6.150000e-01  2.360933e+00  2.106112e+00  2.548216e-01 
6.160000e-01  2.356666e+00  2.130210e+00  2.264554e-01 
6.170000e-01  2.349393e+00  2.090216e+00  2.591762e-01 
6.180000e-01  2.335581e+00  2.066438e+00  2.691438e-01 
6.190000e-01  2.329620e+00  2.084030e+00  2.455892e-01 
6.200000e-01  2.320798e+00  2.092005e+00  2.287934e-01 
6.210000e-01  2.312781e+00  2.111006e+00  2.017748e-01 
6.220000e-01  2.309947e+00  2.130232e+00  1.797157e-01 
6.230000e-01  2.317190e+00  2.158067e+00  1.591228e-01 
6.240000e-01  2.331675e+00  2.185801e+00  1.458743e-01 
6.250000e-01  2.313369e+00  2.182890e+00  1.304784e-01 
6.260000e-01  2.337757e+00  2.216408e+00  1.213484e-01 
6.270000e-01  2.348884e+00  2.248347e+00  1.005376e-01 
6.280000e-01  2.348113e+00  2.209858e+00  1.382548e-01 
6.290000e-01  2.347217e+00  2.218052e+00  1.291651e-01 
6.300000e-01  2.345051e+00  2.199269e+00  1.457816e-01 
6.310000e-01  2.345393e+00  2.198560e+00  1.468336e-01 
6.320000e-01  2.352278e+00  2.192940e+00  1.593378e-01 
6.330000e-01  2.338864e+00  2.220693e+00  1.181711e-01 
6.340000e-01  2.330284e+00  2.236005e+00  9.427934e-02 
6.350000e-01  2.324980e+00  2.234827e+00  9.015298e-02 
6.360000e-01  2.332527e+00  2.223992e+00  1.085346e-01 
6.370000e-01  2.338521e+00  2.153785e+00  1.847362e-01 
6.380000e-01  2.331190e+00  2.130711e+00  2.004789e-01 
6.390000e-01  2.322717e+00  2.090000e+00  2.327165e-01 
6.400000e-01  2.319967e+00  2.101035e+00  2.189318e-01 
6.410000e-01  2.305873e+00  2.085257e+00  2.206166e-01 
6.420000e-01  2.291797e+00  2.014078e+00  2.777190e-01 
6.430000e-01  2.305338e+00  2.006270e+00  2.990677e-01 
6.440000e-01  2.310212e+00  2.006360e+00  3.038525e-01 
6.450000e-01  2.286666e+00  1.983355e+00  3.033105e-01 
6.460000e-01  2.289692e+00  1.984074e+00  3.056184e-01 
6.470000e-01  2.286760e+00  1.961059e+00  3.257006e-01 
6.480000e-01  2.291477e+00  1.899481e+00  3.919960e-01 
6.490000e-01  2.288506e+00  1.945509e+00  3.429975e-01 
6.500000e-01  2.267654e+00  1.898155e+00  3.694989e-01 
6.510000e-01  2.250066e+00  1.876104e+00  3.739618e-01 
6.520000e-01  2.235741e+00  1.851293e+00  3.844479e-01 
6.530000e-01  2.258525e+00  1.895805e+00  3.627197e-01 
6.540000e-01  2.265240e+00  1.911497e+00  3.537429e-01 
6.550000e-01  2.261726e+00  1.859246e+00  4.024804e-01 
6.560000e-01  2.266188e+00  1.884990e+00  3.811980e-01 
6.570000e-01  2.251442e+00  1.819651e+00  4.317913e-01 
6.580000e-01  2.245375e+00  1.774736e+00  4.706387e-01 
6.590000e-01  2.261743e+00  1.815872e+00  4.458706e-01 
6.600000e-01  2.233723e+00  1.785599e+00  4.481240e-01 
6.610000e-01  2.241772e+00  1.766001e+00  4.757711e-01 
6.620000e-01  2.240480e+00  1.791911e+00  4.485688e-01 
6.630000e-01  2.215831e+00  1.762094e+00  4.537372e-01 
6.640000e-01  2.241144e+00  1.755432e+00  4.857116e-01 
6.650000e-01  2.243289e+00  1.732151e+00  5.111385e-01 
6.660000e-01  2.254886e+00  1.694088e+00  5.607973e-01 
6.670000e-01  2.262554e+00  1.743294e+00  5.192596e-01 
6.680000e-01  2.255325e+00  1.727838e+00  5.274872e-01 
6.690000e-01  2.283642e+00  1.709403e+00  5.742392e-01 
6.700000e-01  2.267559e+00  1.733457e+00  5.341018e-01 
6.710000e-01  2.258882e+00  1.747554e+00  5.113276e-01 
6.720000e-01  2.275103e+00  1.748315e+00  5.267885e-01 
6.730000e-01  2.285880e+00  1.719055e+00  5.668259e-01 
6.740000e-01  2.287780e+00  1.726626e+00  5.611535e-01 
6.750000e-01  2.294521e+00  1.789999e+00  5.045226e-01 
6.760000e-01  2.288061e+00  1.802335e+00  4.857259e-01 
6.770000e-01  2.263935e+00  1.741833e+00  5.221023e-01 
6.780000e-01  2.253061e+00  1.774578e+00  4.784825e-01 
6.790000e-01  2.248847e+00  1.771643e+00  4.772035e-01 
6.800000e-01  2.245689e+00  1.726273e+00  5.194169e-01 
6.810000e-01  2.239221e+00  1.696918e+00  5.423035e-01 
6.820000e-01  2.228948e+00  1.670486e+00  5.584624e-01 
6.830000e-01  2.237263e+00  1.708755e+00  5.285074e-01 
6.840000e-01  2.227151e+00  1.693741e+00  5.334104e-01 
6.850000e-01  2.208532e+00  1.654246e+00  5.542864e-01 
6.860000e-01  2.173970e+00  1.613173e+00  5.607975e-01 
6.870000e-01  2.185521e+00  1.636816e+00  5.487056e-01 
6.880000e-01  2.204387e+00  1.650208e+00  5.541789e-01 
6.890000e-01  2.190505e+00  1.603706e+00  5.867992e-01 
6.900000e-01  2.188493e+00  1.561396e+00  6.270972e-01 
6.910000e-01  2.167022e+00  1.511210e+00  6.558121e-01 
6.920000e-01  2.182604e+00  1.571682e+00  6.109216e-01 
6.930000e-01  2.177034e+00  1.579868e+00  5.971661e-01 
6.940000e-01  2.186945e+00  1.598568e+00  5.883774e-01 
6.950000e-01  2.188005e+00  1.615110e+00  5.728948e-01 
6.960000e-01  2.194308e+00  1.605619e+00  5.886887e-01 
6.970000e-01  2.190624e+00  1.634314e+00  5.563104e-01 
6.980000e-01  2.177356e+00  1.606501e+00  5.708547e-01 
6.990000e-01  2.195143e+00  1.638455e+00  5.566879e-01 
7.000000e-01  2.184439e+00  1.605463e+00  5.789763e-01 
7.010000e-01  2.212336e+00  1.664391e+00  5.479451e-01 
7.020000e-01  2.198452e+00  1.678534e+00  5.199185e-01 
7.030000e-01  2.193518e+00  1.702666e+00  4.908516e-01 
7.040000e-01  2.220441e+00  1.692590e+00  5.278511e-01 
7.050000e-01  2.206836e+00  1.618006e+00  5.888302e-01 
7.060000e-01  2.190287e+00  1.582945e+00  6.073417e-01 
7.070000e-01  2.205236e+00  1.595082e+00  6.101543e-01 
7.080000e-01  2.222499e+00  1.607409e+00  6.150906e-01 
7.090000e-01  2.216770e+00  1.572261e+00  6.445090e-01 
7.100000e-01  2.215502e+00  1.560892e+00  6.546103e-01 
7.110000e-01  2.224602e+00  1.588389e+00  6.362130e-01 
7.120000e-01  2.191349e+00  1.593700e+00  5.976486e-01 
7.130000e-01  2.205305e+00  1.591293e+00  6.140116e-01 
7.140000e-01  2.194926e+00  1.614040e+00  5.808860e-01 
7.150000e-01  2.170054e+00  1.574055e+00  5.959989e-01 
7.160000e-01  2.177581e+00  1.575456e+00  6.021256e-01 
7.170000e-01  2.152201e+00  1.519148e+00  6.330529e-01 
7.180000e-01  2.135246e+00  1.472163e+00  6.630832e-01 
7.190000e-01  2.152813e+00  1.433658e+00  7.191549e-01 
7.200000e-01  2.164279e+00  1.440646e+00  7.236331e-01 
7.210000e-01  2.147733e+00  1.428346e+00  7.193866e-01 
7.220000e-01  2.159263e+00  1.420532e+00  7.387316e-01 
7.230000e-01  2.162909e+00  1.458767e+00  7.041422e-01 
7.240000e-01  2.143635e+00  1.435182e+00  7.084539e-01 
7.250000e-01  2.130572e+00  1.452855e+00  6.777171e-01 
7.260000e-01  2.134267e+00  1.488284e+00  6.459828e-01 
7.270000e-01  2.136554e+00  1.579865e+00  5.566895e-01 
7.280000e-01  2.120749e+00  1.539161e+00  5.815880e-01 
7.290000e-01  2.099146e+00  1.493418e+00  6.057271e-01 
7.300000e-01  2.125438e+00  1.515808e+00  6.096303e-01 
7.310000e-01  2.132997e+00  1.511504e+00  6.214934e-01 
7.320000e-01  2.143146e+00  1.526391e+00  6.167546e-01 
7.330000e-01  2.164519e+00  1.534215e+00  6.303044e-01 
7.340000e-01  2.142910e+00  1.526536e+00  6.163732e-01 
7.350000e-01  2.129826e+00  1.525269e+00  6.045563e-01 
7.360000e-01  2.101893e+00  1.478721e+00  6.231727e-01 
7.370000e-01  2.115738e+00  1.473841e+00  6.418968e-01 
7.380000e-01  2.090528e+00  1.456706e+00  6.338217e-01 
7.390000e-01  2.101230e+00  1.461620e+00  6.396099e-01 
7.400000e-01  2.102353e+00  1.416677e+00  6.856755e-01 
7.410000e-01  2.101384e+00  1.413210e+00  6.881736e-01 
7.420000e-01  2.095809e+00  1.419888e+00  6.759212e-01 
7.430000e-01  2.060871e+00  1.374826e+00  6.860446e-01 
7.440000e-01  2.047936e+00  1.414459e+00  6.334762e-01 
7.450000e-01  2.043387e+00  1.408602e+00  6.347850e-01 
7.460000e-01  2.065831e+00  1.424313e+00  6.415178e-01 
7.470000e-01  2.034782e+00  1.409253e+00  6.255293e-01 
7.480000e-01  2.048418e+00  1.413496e+00  6.349215e-01 
7.490000e-01  2.043198e+00  1.435363e+00  6.078348e-01 
7.500000e-01  2.027144e+00  1.441005e+00  5.861390e-01 
7.510000e-01  2.003080e+00  1.419501e+00  5.835794e-01 
7.520000e-01  2.023628e+00  1.462257e+00  5.613715e-01 
7.530000e-01  2.006951e+00  1.431849e+00  5.751015e-01 
7.540000e-01  1.996074e+00  1.429927e+00  5.661470e-01 
7.550000e-01  2.005216e+00  1.472303e+00  5.329125e-01 
7.560000e-01  2.013715e+00  1.497736e+00  5.159793e-01 
7.570000e-01  2.001066e+00  1.491633e+00  5.094329e-01 
7.580000e-01  1.992723e+00  1.464146e+00  5.285769e-01 
7.590000e-01  1.950067e+00  1.419328e+00  5.307390e-01 
7.600000e-01  1.941804e+00  1.450232e+00  4.915714e-01 
7.610000e-01  1.948503e+00  1.479307e+00  4.691961e-01 
7.620000e-01  1.982237e+00  1.511201e+00  4.710367e-01 
7.630000e-01  1.971344e+00  1.500215e+00  4.711290e-01 
7.640000e-01  2.001503e+00  1.550040e+00  4.514629e-01 
7.650000e-01  1.993164e+00  1.541525e+00  4.516386e-01 
7.660000e-01  2.004034e+00  1.581426e+00  4.226075e-01 
7.670000e-01  1.982033e+00  1.587339e+00  3.946936e-01 
7.680000e-01  2.001913e+00  1.583980e+00  4.179332e-01 
7.690000e-01  2.023913e+00  1.592062e+00  4.318512e-01 
7.700000e-01  2.006497e+00  1.590279e+00  4.162186e-01 
7.710000e-01  2.028161e+00  1.599172e+00  4.289884e-01 
7.720000e-01  2.032954e+00  1.591406e+00  4.415482e-01 
7.730000e-01  2.020460e+00  1.595726e+00  4.247336e-01 
7.740000e-01  1.996376e+00  1.571270e+00  4.251066e-01 
7.750000e-01  1.983253e+00  1.580157e+00  4.030959e-01 
7.760000e-01  1.979109e+00  1.585298e+00  3.938105e-01 
7.770000e-01  1.963360e+00  1.550372e+00  4.129887e-01 
7.780000e-01  1.968674e+00  1.566464e+00  4.022099e-01 
7.790000e-01  1.973182e+00  1.567486e+00  4.056965e-01 
7.800000e-01  1.972589e+00  1.626223e+00  3.463661e-01 
7.810000e-01  1.945032e+00  1.596098e+00  3.489344e-01 
7.820000e-01  1.947059e+00  1.576183e+00  3.708764e-01 
7.830000e-01  1.985429e+00  1.596167e+00  3.892623e-01 
7.840000e-01  1.988780e+00  1.658688e+00  3.300928e-01 
7.850000e-01  2.001626e+00  1.613405e+00  3.882214e-01 
7.860000e-01  1.989115e+00  1.605544e+00  3.835707e-01 
7.870000e-01  1.994121e+00  1.601608e+00  3.925131e-01 
7.880000e-01  2.022723e+00  1.610183e+00  4.125398e-01 
7.890000e-01  1.960815e+00  1.534537e+00  4.262781e-01 
7.900000e-01  1.943498e+00  1.500223e+00  4.432753e-01 
7.910000e-01  1.950161e+00  1.464892e+00  4.852687e-01 
7.920000e-01  1.929289e+00  1.458632e+00  4.706572e-01 
7.930000e-01  1.952026e+00  1.461878e+00  4.901474e-01 
7.940000e-01  1.897793e+00  1.400155e+00  4.976384e-01 
7.950000e-01  1.906371e+00  1.395451e+00  5.109206e-01 
7.960000e-01  1.895442e+00  1.328369e+00  5.670728e-01 
7.970000e-01  1.887729e+00  1.327796e+00  5.599329e-01 
7.980000e-01  1.851014e+00  1.311593e+00  5.394207e-01 
7.990000e-01  1.882064e+00  1.363277e+00  5.187875e-01 
8.000000e-01  1.887717e+00  1.356224e+00  5.314932e-01 
8.010000e-01  1.880031e+00  1.375915e+00  5.041156e-01 
8.020000e-01  1.864703e+00  1.378752e+00  4.859517e-01 
8.030000e-01  1.876840e+00  1.379896e+00  4.969438e-01 
8.040000e-01  1.886325e+00  1.416869e+00  4.694562e-01 
8.050000e-01  1.879543e+00  1.438350e+00  4.411932e-01 
8.060000e-01  1.869252e+00  1.422304e+00  4.469490e-01 
8.070000e-01  1.844852e+00  1.370161e+00  4.746917e-01 
8.080000e-01  1.841052e+00  1.341038e+00  5.000141e-01 
8.090000e-01  1.853316e+00  1.374983e+00  4.783331e-01 
8.100000e-01  1.867436e+00  1.377043e+00  4.903933e-01 
8.110000e-01  1.885088e+00  1.354188e+00  5.308997e-01 
8.120000e-01  1.889348e+00  1.351686e+00  5.376617e-01 
8.130000e-01  1.909152e+00  1.373627e+00  5.355247e-01 
8.140000e-01  1.942309e+00  1.347977e+00  5.943311e-01 
8.150000e-01  1.932538e+00  1.389661e+00  5.428771e-01 
8.160000e-01  1.966481e+00  1.459019e+00  5.074620e-01 
8.170000e-01  1.951334e+00  1.412137e+00  5.391975e-01 
8.180000e-01  1.922042e+00  1.399754e+00  5.222878e-01 
8.190000e-01  1.922895e+00  1.381973e+00  5.409217e-01 
8.200000e-01  1.923551e+00  1.337510e+00  5.860409e-01 
8.210000e-01  1.943567e+00  1.410993e+00  5.325742e-01 
8.220000e-01  1.936352e+00  1.406886e+00  5.294657e-01 
8.230000e-01  1.938747e+00  1.437302e+00  5.014449e-01 
8.240000e-01  1.923799e+00  1.434857e+00  4.889415e-01 
8.250000e-01  1.946298e+00  1.408754e+00  5.375446e-01 
8.260000e-01  1.947409e+00  1.406717e+00  5.406924e-01 
8.270000e-01  1.977459e+00  1.443272e+00  5.341870e-01 
8.280000e-01  1.963136e+00  1.376698e+00  5.864379e-01 
8.290000e-01  1.940306e+00  1.338362e+00  6.019443e-01 
8.300000e-01  1.920564e+00  1.314865e+00  6.056993e-01 
8.310000e-01  1.904738e+00  1.272424e+00  6.323136e-01 
8.320000e-01  1.907561e+00  1.287642e+00  6.199184e-01 
8.330000e-01  1.900171e+00  1.253218e+00  6.469527e-01 
8.340000e-01  1.931979e+00  1.281284e+00  6.506953e-01 
8.350000e-01  1.907255e+00  1.243288e+00  6.639666e-01 
8.360000e-01  1.878726e+00  1.204360e+00  6.743660e-01 
8.370000e-01  1.894237e+00  1.233496e+00  6.607412e-01 
8.380000e-01  1.888029e+00  1.197156e+00  6.908731e-01 
8.390000e-01  1.891609e+00  1.200112e+00  6.914968e-01 
8.400000e-01  1.896531e+00  1.216205e+00  6.803263e-01 
8.410000e-01  1.877165e+00  1.192826e+00  6.843396e-01 
8.420000e-01  1.858103e+00  1.164879e+00  6.932244e-01 
8.430000e-01  1.884501e+00  1.210462e+00  6.740394e-01 
8.440000e-01  1.859443e+00  1.180638e+00  6.788050e-01 
8.450000e-01  1.868336e+00  1.180560e+00  6.877757e-01 
8.460000e-01  1.894471e+00  1.203378e+00  6.910927e-01 
8.470000e-01  1.899504e+00  1.225883e+00  6.736211e-01 
8.480000e-01  1.949843e+00  1.252516e+00  6.973265e-01 
8.490000e-01  1.906997e+00  1.192640e+00  7.143570e-01 
8.500000e-01  1.900724e+00  1.186835e+00  7.138893e-01 
8.510000e-01  1.881713e+00  1.177672e+00  7.040407e-01 
8.520000e-01  1.870522e+00  1.144962e+00  7.255595e-01 
8.530000e-01  1.865754e+00  1.133716e+00  7.320377e-01 
8.540000e-01  1.832078e+00  1.112353e+00  7.197242e-01 
8.550000e-01  1.851573e+00  1.120847e+00  7.307251e-01 
8.560000e-01  1.849735e+00  1.091290e+00  7.584446e-01 
8.570000e-01  1.852956e+00  1.083047e+00  7.699097e-01 
8.580000e-01  1.855895e+00  1.062305e+00  7.935901e-01 
8.590000e-01  1.865162e+00  1.071583e+00  7.935792e-01 
8.600000e-01  1.931519e+00  1.133883e+00  7.976360e-01 
8.610000e-01  1.918554e+00  1.143229e+00  7.753244e-01 
8.620000e-01  1.932939e+00  1.159094e+00  7.738448e-01 
8.630000e-01  1.921833e+00  1.163777e+00  7.580562e-01 
8.640000e-01  1.921474e+00  1.208131e+00  7.133433e-01 
8.650000e-01  1.902328e+00  1.202780e+00  6.995480e-01 
8.660000e-01  1.943917e+00  1.199454e+00  7.444631e-01 
8.670000e-01  1.962266e+00  1.192308e+00  7.699584e-01 
8.680000e-01  1.979183e+00  1.231272e+00  7.479118e-01 
8.690000e-01  2.009363e+00  1.262406e+00  7.469577e-01 
8.700000e-01  2.023819e+00  1.244523e+00  7.792958e-01 
8.710000e-01  2.005707e+00  1.252277e+00  7.534304e-01 
8.720000e-01  2.027242e+00  1.268899e+00  7.583434e-01 
8.730000e-01  2.033256e+00  1.293901e+00  7.393545e-01 
8.740000e-01  2.034539e+00  1.308005e+00  7.265341e-01 
8.750000e-01  2.022570e+00  1.296218e+00  7.263522e-01 
8.760000e-01  2.034601e+00  1.299173e+00  7.354286e-01 
8.770000e-01  2.026078e+00  1.288374e+00  7.377042e-01 
8.780000e-01  2.040869e+00  1.346598e+00  6.942711e-01 
8.790000e-01  2.036567e+00  1.312224e+00  7.243438e-01 
8.800000e-01  2.047117e+00  1.335098e+00  7.120182e-01 
8.810000e-01  2.042611e+00  1.375403e+00  6.672077e-01 
8.820000e-01  2.041130e+00  1.401254e+00  6.398761e-01 
8.830000e-01  2.050918e+00  1.410933e+00  6.399843e-01 
8.840000e-01  2.062890e+00  1.418134e+00  6.447561e-01 
8.850000e-01  2.029669e+00  1.412524e+00  6.171450e-01 
8.860000e-01  2.017605e+00  1.442916e+00  5.746887e-01 
8.870000e-01  2.032105e+00  1.430049e+00  6.020559e-01 
8.880000e-01  2.068087e+00  1.473632e+00  5.944554e-01 
8.890000e-01  2.073459e+00  1.476506e+00  5.969533e-01 
8.900000e-01  2.044126e+00  1.411002e+00  6.331239e-01 
8.910000e-01  2.016781e+00  1.384141e+00  6.326401e-01 
8.920000e-01  2.005048e+00  1.399706e+00  6.053424e-01 
8.930000e-01  2.015815e+00  1.411133e+00  6.046813e-01 
8.940000e-01  2.020891e+00  1.378103e+00  6.427880e-01 
8.950000e-01  2.059455e+00  1.391844e+00  6.676103e-01 
8.960000e-01  2.077760e+00  1.436826e+00  6.409343e-01 
8.970000e-01  2.093211e+00  1.521025e+00  5.721865e-01 
8.980000e-01  2.118349e+00  1.528965e+00  5.893841e-01 
8.990000e-01  2.123578e+00  1.501984e+00  6.215941e-01 
9.000000e-01  2.110542e+00  1.501470e+00  6.090719e-01 
9.010000e-01  2.086688e+00  1.476800e+00  6.098876e-01 
9.020000e-01  2.080743e+00  1.508730e+00  5.720127e-01 
9.030000e-01  2.050196e+00  1.428747e+00  6.214494e-01 
9.040000e-01  2.053300e+00  1.407350e+00  6.459498e-01 
9.050000e-01  2.054714e+00  1.404505e+00  6.502087e-01 
9.060000e-01  2.080491e+00  1.415408e+00  6.650835e-01 
9.070000e-01  2.099305e+00  1.492032e+00  6.072727e-01 
9.080000e-01  2.092709e+00  1.490171e+00  6.025380e-01 
9.090000e-01  2.092476e+00  1.436338e+00  6.561384e-01 
9.100000e-01  2.093165e+00  1.432823e+00  6.603424e-01 
9.110000e-01  2.075530e+00  1.416861e+00  6.586694e-01 
9.120000e-01  2.095103e+00  1.456423e+00  6.386800e-01 
9.130000e-01  2.101864e+00  1.436409e+00  6.654548e-01 
9.140000e-01  2.092474e+00  1.445450e+00  6.470245e-01 
9.150000e-01  2.057862e+00  1.391312e+00  6.665502e-01 
9.160000e-01  2.063637e+00  1.398969e+00  6.646676e-01 
9.170000e-01  2.078519e+00  1.423610e+00  6.549084e-01 
9.180000e-01  2.081189e+00  1.446950e+00  6.342389e-01 
9.190000e-01  2.091360e+00  1.439741e+00  6.516196e-01 
9.200000e-01  2.086792e+00  1.410305e+00  6.764878e-01 
9.210000e-01  2.084090e+00  1.388512e+00  6.955782e-01 
9.220000e-01  2.103855e+00  1.400317e+00  7.035385e-01 
9.230000e-01  2.112774e+00  1.414476e+00  6.982984e-01 
9.240000e-01  2.120505e+00  1.378311e+00  7.421938e-01 
9.250000e-01  2.121588e+00  1.332865e+00  7.887229e-01 
9.260000e-01  2.116688e+00  1.317702e+00  7.989862e-01 
9.270000e-01  2.145849e+00  1.295287e+00  8.505622e-01 
9.280000e-01  2.123953e+00  1.304687e+00  8.192660e-01 
9.290000e-01  2.139756e+00  1.329940e+00  8.098160e-01 
9.300000e-01  2.127850e+00  1.308941e+00  8.189087e-01 
9.310000e-01  2.157942e+00  1.329704e+00  8.282381e-01 
9.320000e-01  2.150351e+00  1.341181e+00  8.091697e-01 
9.330000e-01  2.154947e+00  1.319527e+00  8.354205e-01 
9.340000e-01  2.163182e+00  1.286525e+00  8.766570e-01 
9.350000e-01  2.143678e+00  1.251072e+00  8.926059e-01 
9.360000e-01  2.147870e+00  1.251778e+00  8.960914e-01 
9.370000e-01  2.171138e+00  1.280153e+00  8.909855e-01 
9.380000e-01  2.168110e+00  1.308790e+00  8.593205e-01 
9.390000e-01  2.160565e+00  1.287665e+00  8.729001e-01 
9.400000e-01  2.164131e+00  1.306816e+00  8.573145e-01 
9.410000e-01  2.159211e+00  1.310740e+00  8.484706e-01 
9.420000e-01  2.172434e+00  1.331843e+00  8.405904e-01 
9.430000e-01  2.167554e+00  1.383231e+00  7.843230e-01 
9.440000e-01  2.193553e+00  1.445278e+00  7.482748e-01 
9.450000e-01  2.182996e+00  1.433172e+00  7.498242e-01 
9.460000e-01  2.166331e+00  1.400659e+00  7.656715e-01 
9.470000e-01  2.170617e+00  1.417618e+00  7.529991e-01 
9.480000e-01  2.158717e+00  1.400469e+00  7.582484e-01 
9.490000e-01  2.156867e+00  1.404007e+00  7.528605e-01 
9.500000e-01  2.183928e+00  1.456297e+00  7.276306e-01 
9.510000e-01  2.181068e+00  1.460421e+00  7.206471e-01 
9.520000e-01  2.192888e+00  1.477775e+00  7.151133e-01 
9.530000e-01  2.176838e+00  1.433535e+00  7.433030e-01 
9.540000e-01  2.165202e+00  1.394405e+00  7.707975e-01 
9.550000e-01  2.198396e+00  1.401054e+00  7.973419e-01 
9.560000e-01  2.191141e+00  1.409946e+00  7.811950e-01 
9.570000e-01  2.195172e+00  1.349541e+00  8.456318e-01 
9.580000e-01  2.196952e+00  1.377573e+00  8.193790e-01 
9.590000e-01  2.184516e+00  1.365569e+00  8.189469e-01 
9.600000e-01  2.210786e+00  1.359127e+00  8.516591e-01 
9.610000e-01  2.191545e+00  1.317468e+00  8.740765e-01 
9.620000e-01  2.205490e+00  1.360028e+00  8.454616e-01 
9.630000e-01  2.233864e+00  1.426542e+00  8.073225e-01 
9.640000e-01  2.234479e+00  1.413973e+00  8.205052e-01 
9.650000e-01  2.232287e+00  1.408429e+00  8.238586e-01 
9.660000e-01  2.237685e+00  1.437437e+00  8.002478e-01 
9.670000e-01  2.243134e+00  1.367400e+00  8.757336e-01 
9.680000e-01  2.244281e+00  1.342951e+00  9.013298e-01 
9.690000e-01  2.246353e+00  1.308287e+00  9.380662e-01 
9.700000e-01  2.256139e+00  1.280027e+00  9.761118e-01 
9.710000e-01  2.270434e+00  1.317977e+00  9.524564e-01 
9.720000e-01  2.277993e+00  1.294533e+00  9.834594e-01 
9.730000e-01  2.287628e+00  1.368759e+00  9.188686e-01 
9.740000e-01  2.283791e+00  1.378610e+00  9.051804e-01 
9.750000e-01  2.277611e+00  1.378239e+00  8.993723e-01 
9.760000e-01  2.280671e+00  1.326994e+00  9.536775e-01 
9.770000e-01  2.269679e+00  1.329456e+00  9.402229e-01 
9.780000e-01  2.296324e+00  1.343314e+00  9.530100e-01 
9.790000e-01  2.303216e+00  1.380327e+00  9.228891e-01 
9.800000e-01  2.309142e+00  1.386606e+00  9.225368e-01 
9.810000e-01  2.291158e+00  1.374717e+00  9.164410e-01 
9.820000e-01  2.302790e+00  1.444093e+00  8.586969e-01 
9.830000e-01  2.306622e+00  1.422035e+00  8.845869e-01 
9.840000e-01  2.310459e+00  1.421662e+00  8.887968e-01 
9.850000e-01  2.310227e+00  1.460470e+00  8.497568e-01 
9.860000e-01  2.296486e+00  1.471662e+00  8.248242e-01 
9.870000e-01  2.307777e+00  1.432489e+00  8.752880e-01 
9.880000e-01  2.332368e+00  1.439851e+00  8.925175e-01 
9.890000e-01  2.329613e+00  1.484630e+00  8.449827e-01 
9.900000e-01  2.330277e+00  1.490402e+00  8.398756e-01 
9.910000e-01  2.330764e+00  1.435520e+00  8.952441e-01 
9.920000e-01  2.340877e+00  1.467607e+00  8.732695e-01 
9.930000e-01  2.349240e+00  1.511015e+00  8.382245e-01 
9.940000e-01  2.342103e+00  1.504799e+00  8.373033e-01 
9.950000e-01  2.341179e+00  1.492620e+00  8.485589e-01 
9.960000e-01  2.352843e+00  1.516927e+00  8.359158e-01 
9.970000e-01  2.332471e+00  1.469585e+00  8.628861e-01 
9.980000e-01  2.324285e+00  1.441427e+00  8.828584e-01 
9.990000e-01  2.318443e+00  1.421730e+00  8.967131e-01 
