0.000000e+00  1.000000e+00  1.000000e+00  0.000000e+00 
1.000000e-03  9.883349e-01  9.839160e-01  4.418893e-03 
2.000000e-03  9.869102e-01  9.829160e-01  3.994195e-03 
3.000000e-03  9.330013e-01  9.306764e-01  2.324941e-03 
4.000000e-03  9.304241e-01  9.254202e-01  5.003964e-03 
5.000000e-03  9.306968e-01  9.252717e-01  5.425102e-03 
6.000000e-03  9.515980e-01  9.512235e-01  3.744351e-04 
7.000000e-03  9.754891e-01  9.734851e-01  2.004059e-03 
8.000000e-03  9.733250e-01  9.756033e-01  -2.278227e-03 
9.000000e-03  9.701260e-01  9.768570e-01  -6.730997e-03 
1.000000e-02  9.573702e-01  9.674309e-01  -1.006075e-02 
1.100000e-02  9.427138e-01  9.490340e-01  -6.320163e-03 
1.200000e-02  9.281214e-01  9.314059e-01  -3.284548e-03 
1.300000e-02  9.895302e-01  9.924652e-01  -2.934971e-03 
1.400000e-02  9.762775e-01  9.855059e-01  -9.228367e-03 
1.500000e-02  1.044550e+00  1.056709e+00  -1.215910e-02 
1.600000e-02  1.029716e+00  1.044708e+00  -1.499135e-02 
1.700000e-02  1.038785e+00  1.052667e+00  -1.388172e-02 
1.800000e-02  1.041950e+00  1.058306e+00  -1.635628e-02 
1.900000e-02  1.097918e+00  1.111912e+00  -1.399459e-02 
2.000000e-02  1.149111e+00  1.154614e+00  -5.502409e-03 
2.100000e-02  1.183426e+00  1.180949e+00  2.477282e-03 
2.200000e-02  1.205294e+00  1.208152e+00  -2.857446e-03 
2.300000e-02  1.166483e+00  1.165149e+00  1.334179e-03 
2.400000e-02  1.180419e+00  1.174105e+00  6.314250e-03 
2.500000e-02  1.175811e+00  1.164369e+00  1.144222e-02 
2.600000e-02  1.220466e+00  1.210416e+00  1.005017e-02 
2.700000e-02  1.185985e+00  1.174628e+00  1.135750e-02 
2.800000e-02  1.164195e+00  1.147141e+00  1.705431e-02 
2.900000e-02  1.147863e+00  1.128302e+00  1.956019e-02 
3.000000e-02  1.154254e+00  1.139750e+00  1.450452e-02 
3.100000e-02  1.152200e+00  1.143022e+00  9.178451e-03 
3.200000e-02  1.156271e+00  1.143714e+00  1.255615e-02 
3.300000e-02  1.153366e+00  1.141602e+00  1.176430e-02 
3.400000e-02  1.155776e+00  1.143907e+00  1.186841e-02 
3.500000e-02  1.158105e+00  1.144018e+00  1.408679e-02 
3.600000e-02  1.163862e+00  1.153066e+00  1.079553e-02 
3.700000e-02  1.184688e+00  1.176437e+00  8.250889e-03 
3.800000e-02  1.180008e+00  1.167343e+00  1.266543e-02 
3.900000e-02  1.182650e+00  1.168477e+00  1.417272e-02 
4.000000e-02  1.250592e+00  1.231434e+00  1.915762e-02 
4.100000e-02  1.296963e+00  1.280463e+00  1.649973e-02 
4.200000e-02  1.327179e+00  1.314740e+00  1.243949e-02 
4.300000e-02  1.346843e+00  1.332165e+00  1.467729e-02 
4.400000e-02  1.351646e+00  1.343332e+00  8.313465e-03 
4.500000e-02  1.310338e+00  1.301732e+00  8.606870e-03 
4.600000e-02  1.258587e+00  1.252954e+00  5.632613e-03 
4.700000e-02  1.208364e+00  1.201570e+00  6.794873e-03 
4.800000e-02  1.200214e+00  1.195063e+00  5.151086e-03 
4.900000e-02  1.200678e+00  1.199016e+00  1.661796e-03 
5.000000e-02  1.148445e+00  1.147974e+00  4.707778e-04 
5.100000e-02  1.138784e+00  1.140100e+00  -1.316691e-03 
5.200000e-02  1.125462e+00  1.122934e+00  2.527744e-03 
5.300000e-02  1.173887e+00  1.164350e+00  9.536536e-03 
5.400000e-02  1.205350e+00  1.201155e+00  4.194660e-03 
5.500000e-02  1.169743e+00  1.168316e+00  1.426973e-03 
5.600000e-02  1.167235e+00  1.169523e+00  -2.287549e-03 
5.700000e-02  1.194282e+00  1.200677e+00  -6.395109e-03 
5.800000e-02  1.203182e+00  1.208763e+00  -5.581819e-03 
5.900000e-02  1.302647e+00  1.317072e+00  -1.442474e-02 
6.000000e-02  1.294905e+00  1.300775e+00  -5.869769e-03 
6.100000e-02  1.316674e+00  1.324676e+00  -8.001714e-03 
6.200000e-02  1.296568e+00  1.304232e+00  -7.663616e-03 
6.300000e-02  1.271096e+00  1.268019e+00  3.077577e-03 
6.400000e-02  1.289732e+00  1.285457e+00  4.275676e-03 
6.500000e-02  1.311748e+00  1.305107e+00  6.640149e-03 
6.600000e-02  1.253070e+00  1.255718e+00  -2.648468e-03 
6.700000e-02  1.284065e+00  1.293296e+00  -9.230070e-03 
6.800000e-02  1.282505e+00  1.288370e+00  -5.864941e-03 
6.900000e-02  1.335888e+00  1.338324e+00  -2.435747e-03 
7.000000e-02  1.415985e+00  1.415237e+00  7.475066e-04 
7.100000e-02  1.421723e+00  1.421334e+00  3.882004e-04 
7.200000e-02  1.451760e+00  1.450189e+00  1.571914e-03 
7.300000e-02  1.451045e+00  1.454445e+00  -3.399828e-03 
7.400000e-02  1.444168e+00  1.454534e+00  -1.036574e-02 
7.500000e-02  1.435101e+00  1.446334e+00  -1.123271e-02 
7.600000e-02  1.390887e+00  1.395604e+00  -4.717681e-03 
7.700000e-02  1.425591e+00  1.429573e+00  -3.982267e-03 
7.800000e-02  1.419133e+00  1.426549e+00  -7.416686e-03 
7.900000e-02  1.456754e+00  1.462146e+00  -5.392011e-03 
8.000000e-02  1.497987e+00  1.499486e+00  -1.499259e-03 
8.100000e-02  1.437991e+00  1.432609e+00  5.381665e-03 
8.200000e-02  1.456921e+00  1.443647e+00  1.327390e-02 
8.300000e-02  1.412944e+00  1.396788e+00  1.615516e-02 
8.400000e-02  1.390943e+00  1.381835e+00  9.107917e-03 
8.500000e-02  1.404181e+00  1.390006e+00  1.417583e-02 
8.600000e-02  1.403970e+00  1.392297e+00  1.167336e-02 
8.700000e-02  1.382144e+00  1.371054e+00  1.109080e-02 
8.800000e-02  1.384070e+00  1.368585e+00  1.548444e-02 
8.900000e-02  1.391668e+00  1.375558e+00  1.611016e-02 
9.000000e-02  1.387072e+00  1.364679e+00  2.239364e-02 
9.100000e-02  1.400273e+00  1.375337e+00  2.493604e-02 
9.200000e-02  1.390123e+00  1.363026e+00  2.709660e-02 
9.300000e-02  1.407564e+00  1.382456e+00  2.510850e-02 
9.400000e-02  1.392114e+00  1.361613e+00  3.050127e-02 
9.500000e-02  1.380635e+00  1.347578e+00  3.305676e-02 
9.600000e-02  1.392219e+00  1.362859e+00  2.935995e-02 
9.700000e-02  1.373531e+00  1.341914e+00  3.161753e-02 
9.800000e-02  1.412951e+00  1.370259e+00  4.269225e-02 
9.900000e-02  1.419961e+00  1.377333e+00  4.262725e-02 
1.000000e-01  1.401427e+00  1.376086e+00  2.534158e-02 
1.010000e-01  1.372148e+00  1.358723e+00  1.342508e-02 
1.020000e-01  1.367566e+00  1.357347e+00  1.021919e-02 
1.030000e-01  1.336646e+00  1.326282e+00  1.036353e-02 
1.040000e-01  1.318771e+00  1.313295e+00  5.476560e-03 
1.050000e-01  1.346271e+00  1.341141e+00  5.129478e-03 
1.060000e-01  1.349497e+00  1.345685e+00  3.811607e-03 
1.070000e-01  1.399675e+00  1.397734e+00  1.940855e-03 
1.080000e-01  1.408178e+00  1.408793e+00  -6.142884e-04 
1.090000e-01  1.411342e+00  1.409669e+00  1.673047e-03 
1.100000e-01  1.437891e+00  1.431058e+00  6.832634e-03 
1.110000e-01  1.453667e+00  1.446645e+00  7.021757e-03 
1.120000e-01  1.474601e+00  1.467239e+00  7.362448e-03 
1.130000e-01  1.418079e+00  1.418166e+00  -8.676301e-05 
1.140000e-01  1.397384e+00  1.400135e+00  -2.751074e-03 
1.150000e-01  1.429673e+00  1.431322e+00  -1.649282e-03 
1.160000e-01  1.406981e+00  1.412376e+00  -5.394666e-03 
1.170000e-01  1.408941e+00  1.429120e+00  -2.017855e-02 
1.180000e-01  1.413615e+00  1.430737e+00  -1.712141e-02 
1.190000e-01  1.348016e+00  1.367391e+00  -1.937462e-02 
1.200000e-01  1.443074e+00  1.463071e+00  -1.999697e-02 
1.210000e-01  1.428943e+00  1.456249e+00  -2.730574e-02 
1.220000e-01  1.360286e+00  1.395693e+00  -3.540643e-02 
1.230000e-01  1.357900e+00  1.392065e+00  -3.416488e-02 
1.240000e-01  1.336616e+00  1.381789e+00  -4.517350e-02 
1.250000e-01  1.320856e+00  1.363644e+00  -4.278776e-02 
1.260000e-01  1.280263e+00  1.325789e+00  -4.552580e-02 
1.270000e-01  1.278981e+00  1.322961e+00  -4.397963e-02 
1.280000e-01  1.298847e+00  1.343429e+00  -4.458269e-02 
1.290000e-01  1.290460e+00  1.343001e+00  -5.254070e-02 
1.300000e-01  1.322447e+00  1.381517e+00  -5.907037e-02 
1.310000e-01  1.299811e+00  1.365423e+00  -6.561222e-02 
1.320000e-01  1.280521e+00  1.341268e+00  -6.074725e-02 
1.330000e-01  1.306989e+00  1.375495e+00  -6.850645e-02 
1.340000e-01  1.366639e+00  1.433031e+00  -6.639257e-02 
1.350000e-01  1.401779e+00  1.471647e+00  -6.986808e-02 
1.360000e-01  1.349808e+00  1.421659e+00  -7.185075e-02 
1.370000e-01  1.303289e+00  1.377397e+00  -7.410819e-02 
1.380000e-01  1.330994e+00  1.410871e+00  -7.987754e-02 
1.390000e-01  1.359406e+00  1.438355e+00  -7.894845e-02 
1.400000e-01  1.350409e+00  1.420532e+00  -7.012350e-02 
1.410000e-01  1.375422e+00  1.441950e+00  -6.652732e-02 
1.420000e-01  1.364492e+00  1.439427e+00  -7.493562e-02 
1.430000e-01  1.379812e+00  1.446652e+00  -6.684066e-02 
1.440000e-01  1.344156e+00  1.405606e+00  -6.144947e-02 
1.450000e-01  1.367156e+00  1.433393e+00  -6.623741e-02 
1.460000e-01  1.412467e+00  1.475326e+00  -6.285885e-02 
1.470000e-01  1.446151e+00  1.504295e+00  -5.814376e-02 
1.480000e-01  1.492816e+00  1.551643e+00  -5.882656e-02 
1.490000e-01  1.540067e+00  1.598531e+00  -5.846339e-02 
1.500000e-01  1.566551e+00  1.622726e+00  -5.617478e-02 
1.510000e-01  1.599140e+00  1.662290e+00  -6.314980e-02 
1.520000e-01  1.643973e+00  1.707137e+00  -6.316414e-02 
1.530000e-01  1.565966e+00  1.631673e+00  -6.570688e-02 
1.540000e-01  1.509294e+00  1.571854e+00  -6.255929e-02 
1.550000e-01  1.508761e+00  1.563320e+00  -5.455839e-02 
1.560000e-01  1.473774e+00  1.526259e+00  -5.248505e-02 
1.570000e-01  1.460361e+00  1.507285e+00  -4.692336e-02 
1.580000e-01  1.491829e+00  1.532253e+00  -4.042384e-02 
1.590000e-01  1.473443e+00  1.508278e+00  -3.483559e-02 
1.600000e-01  1.535459e+00  1.570551e+00  -3.509225e-02 
1.610000e-01  1.593484e+00  1.614214e+00  -2.072994e-02 
1.620000e-01  1.574401e+00  1.599638e+00  -2.523723e-02 
1.630000e-01  1.544501e+00  1.575325e+00  -3.082444e-02 
1.640000e-01  1.589240e+00  1.626123e+00  -3.688328e-02 
1.650000e-01  1.588286e+00  1.622149e+00  -3.386349e-02 
1.660000e-01  1.576069e+00  1.608046e+00  -3.197753e-02 
1.670000e-01  1.624519e+00  1.660898e+00  -3.637898e-02 
1.680000e-01  1.595658e+00  1.637131e+00  -4.147338e-02 
1.690000e-01  1.567900e+00  1.614826e+00  -4.692624e-02 
1.700000e-01  1.579337e+00  1.613359e+00  -3.402189e-02 
1.710000e-01  1.546497e+00  1.576443e+00  -2.994584e-02 
1.720000e-01  1.507219e+00  1.540924e+00  -3.370513e-02 
1.730000e-01  1.489387e+00  1.520075e+00  -3.068839e-02 
1.740000e-01  1.462257e+00  1.492710e+00  -3.045352e-02 
1.750000e-01  1.439521e+00  1.475324e+00  -3.580255e-02 
1.760000e-01  1.432736e+00  1.464959e+00  -3.222311e-02 
1.770000e-01  1.445198e+00  1.472613e+00  -2.741473e-02 
1.780000e-01  1.484277e+00  1.513367e+00  -2.908942e-02 
1.790000e-01  1.454364e+00  1.493073e+00  -3.870860e-02 
1.800000e-01  1.433165e+00  1.479293e+00  -4.612826e-02 
1.810000e-01  1.432488e+00  1.477653e+00  -4.516516e-02 
1.820000e-01  1.404609e+00  1.447229e+00  -4.262073e-02 
1.830000e-01  1.414951e+00  1.453058e+00  -3.810639e-02 
1.840000e-01  1.447224e+00  1.476812e+00  -2.958778e-02 
1.850000e-01  1.430691e+00  1.456133e+00  -2.544210e-02 
1.860000e-01  1.453693e+00  1.477381e+00  -2.368735e-02 
1.870000e-01  1.444343e+00  1.466534e+00  -2.219155e-02 
1.880000e-01  1.470563e+00  1.497441e+00  -2.687822e-02 
1.890000e-01  1.430762e+00  1.462761e+00  -3.199876e-02 
1.900000e-01  1.413435e+00  1.443068e+00  -2.963274e-02 
1.910000e-01  1.453269e+00  1.492962e+00  -3.969212e-02 
1.920000e-01  1.400469e+00  1.441895e+00  -4.142570e-02 
1.930000e-01  1.388616e+00  1.432294e+00  -4.367849e-02 
1.940000e-01  1.311285e+00  1.362170e+00  -5.088496e-02 
1.950000e-01  1.247137e+00  1.300733e+00  -5.359593e-02 
1.960000e-01  1.243467e+00  1.298354e+00  -5.488684e-02 
1.970000e-01  1.214549e+00  1.268455e+00  -5.390611e-02 
1.980000e-01  1.222003e+00  1.267676e+00  -4.567287e-02 
1.990000e-01  1.182017e+00  1.223518e+00  -4.150082e-02 
2.000000e-01  1.235339e+00  1.280867e+00  -4.552861e-02 
2.010000e-01  1.231320e+00  1.268873e+00  -3.755287e-02 
2.020000e-01  1.285577e+00  1.325950e+00  -4.037318e-02 
2.030000e-01  1.308719e+00  1.359525e+00  -5.080627e-02 
2.040000e-01  1.273587e+00  1.329034e+00  -5.544622e-02 
2.050000e-01  1.256029e+00  1.315735e+00  -5.970576e-02 
2.060000e-01  1.181907e+00  1.233010e+00  -5.110279e-02 
2.070000e-01  1.188649e+00  1.237758e+00  -4.910918e-02 
2.080000e-01  1.228792e+00  1.288301e+00  -5.950901e-02 
2.090000e-01  1.154653e+00  1.218936e+00  -6.428320e-02 
2.100000e-01  1.209751e+00  1.283601e+00  -7.384945e-02 
2.110000e-01  1.205329e+00  1.274949e+00  -6.962047e-02 
2.120000e-01  1.175375e+00  1.241596e+00  -6.622112e-02 
2.130000e-01  1.144670e+00  1.213603e+00  -6.893347e-02 
2.140000e-01  1.174711e+00  1.242446e+00  -6.773555e-02 
2.150000e-01  1.171706e+00  1.237234e+00  -6.552840e-02 
2.160000e-01  1.178849e+00  1.245488e+00  -6.663965e-02 
2.170000e-01  1.234584e+00  1.302264e+00  -6.767946e-02 
2.180000e-01  1.209504e+00  1.275175e+00  -6.567096e-02 
2.190000e-01  1.264432e+00  1.322889e+00  -5.845705e-02 
2.200000e-01  1.307705e+00  1.370782e+00  -6.307707e-02 
2.210000e-01  1.286495e+00  1.344448e+00  -5.795290e-02 
2.220000e-01  1.327334e+00  1.384432e+00  -5.709863e-02 
2.230000e-01  1.374019e+00  1.428772e+00  -5.475337e-02 
2.240000e-01  1.376815e+00  1.427544e+00  -5.072927e-02 
2.250000e-01  1.365714e+00  1.418555e+00  -5.284094e-02 
2.260000e-01  1.347130e+00  1.397619e+00  -5.048808e-02 
2.270000e-01  1.356658e+00  1.402669e+00  -4.601117e-02 
2.280000e-01  1.349609e+00  1.407598e+00  -5.798933e-02 
2.290000e-01  1.336661e+00  1.402726e+00  -6.606481e-02 
2.300000e-01  1.327565e+00  1.395264e+00  -6.769852e-02 
2.310000e-01  1.398488e+00  1.467028e+00  -6.853968e-02 
2.320000e-01  1.401061e+00  1.471018e+00  -6.995665e-02 
2.330000e-01  1.414004e+00  1.489045e+00  -7.504053e-02 
2.340000e-01  1.415178e+00  1.477938e+00  -6.275954e-02 
2.350000e-01  1.413382e+00  1.476199e+00  -6.281692e-02 
2.360000e-01  1.407446e+00  1.470104e+00  -6.265809e-02 
2.370000e-01  1.400675e+00  1.458830e+00  -5.815492e-02 
2.380000e-01  1.436499e+00  1.481980e+00  -4.548186e-02 
2.390000e-01  1.486409e+00  1.530197e+00  -4.378793e-02 
2.400000e-01  1.450207e+00  1.489339e+00  -3.913184e-02 
2.410000e-01  1.475850e+00  1.514299e+00  -3.844907e-02 
2.420000e-01  1.467685e+00  1.516064e+00  -4.837909e-02 
2.430000e-01  1.461219e+00  1.512996e+00  -5.177661e-02 
2.440000e-01  1.470004e+00  1.527761e+00  -5.775719e-02 
2.450000e-01  1.467126e+00  1.528811e+00  -6.168549e-02 
2.460000e-01  1.486523e+00  1.551921e+00  -6.539791e-02 
2.470000e-01  1.504654e+00  1.580729e+00  -7.607447e-02 
2.480000e-01  1.526989e+00  1.597616e+00  -7.062726e-02 
2.490000e-01  1.552334e+00  1.625612e+00  -7.327813e-02 
2.500000e-01  1.532293e+00  1.600966e+00  -6.867273e-02 
2.510000e-01  1.513151e+00  1.582928e+00  -6.977659e-02 
2.520000e-01  1.471786e+00  1.546600e+00  -7.481493e-02 
2.530000e-01  1.483408e+00  1.550851e+00  -6.744255e-02 
2.540000e-01  1.491724e+00  1.558823e+00  -6.709917e-02 
2.550000e-01  1.500831e+00  1.574761e+00  -7.392977e-02 
2.560000e-01  1.466306e+00  1.551600e+00  -8.529443e-02 
2.570000e-01  1.430046e+00  1.518186e+00  -8.814006e-02 
2.580000e-01  1.425438e+00  1.517248e+00  -9.180977e-02 
2.590000e-01  1.443414e+00  1.532621e+00  -8.920635e-02 
2.600000e-01  1.423845e+00  1.522388e+00  -9.854324e-02 
2.610000e-01  1.431323e+00  1.525858e+00  -9.453442e-02 
2.620000e-01  1.388916e+00  1.487812e+00  -9.889609e-02 
2.630000e-01  1.343697e+00  1.447349e+00  -1.036518e-01 
2.640000e-01  1.359110e+00  1.467034e+00  -1.079240e-01 
2.650000e-01  1.377430e+00  1.473198e+00  -9.576823e-02 
2.660000e-01  1.296257e+00  1.389378e+00  -9.312121e-02 
2.670000e-01  1.263061e+00  1.365003e+00  -1.019424e-01 
2.680000e-01  1.305100e+00  1.409726e+00  -1.046259e-01 
2.690000e-01  1.293680e+00  1.396432e+00  -1.027525e-01 
2.700000e-01  1.309144e+00  1.405629e+00  -9.648498e-02 
2.710000e-01  1.269655e+00  1.363436e+00  -9.378118e-02 
2.720000e-01  1.270388e+00  1.368892e+00  -9.850394e-02 
2.730000e-01  1.255026e+00  1.347268e+00  -9.224151e-02 
2.740000e-01  1.255812e+00  1.350712e+00  -9.489951e-02 
2.750000e-01  1.343633e+00  1.430779e+00  -8.714612e-02 
2.760000e-01  1.336382e+00  1.422314e+00  -8.593227e-02 
2.770000e-01  1.359937e+00  1.452107e+00  -9.217069e-02 
2.780000e-01  1.344175e+00  1.439194e+00  -9.501909e-02 
2.790000e-01  1.336827e+00  1.438053e+00  -1.012258e-01 
2.800000e-01  1.266627e+00  1.368131e+00  -1.015034e-01 
2.810000e-01  1.271527e+00  1.354818e+00  -8.329122e-02 
2.820000e-01  1.238484e+00  1.328737e+00  -9.025248e-02 
2.830000e-01  1.252363e+00  1.343540e+00  -9.117649e-02 
2.840000e-01  1.282461e+00  1.369078e+00  -8.661688e-02 
2.850000e-01  1.280163e+00  1.362369e+00  -8.220617e-02 
2.860000e-01  1.321552e+00  1.403087e+00  -8.153506e-02 
2.870000e-01  1.307337e+00  1.388799e+00  -8.146160e-02 
2.880000e-01  1.302247e+00  1.390317e+00  -8.807060e-02 
2.890000e-01  1.342343e+00  1.431963e+00  -8.962019e-02 
2.900000e-01  1.329497e+00  1.420044e+00  -9.054712e-02 
2.910000e-01  1.279726e+00  1.371782e+00  -9.205582e-02 
2.920000e-01  1.280323e+00  1.373574e+00  -9.325116e-02 
2.930000e-01  1.328710e+00  1.422356e+00  -9.364655e-02 
2.940000e-01  1.309149e+00  1.399520e+00  -9.037104e-02 
2.950000e-01  1.292096e+00  1.385132e+00  -9.303582e-02 
2.960000e-01  1.304952e+00  1.397761e+00  -9.280965e-02 
2.970000e-01  1.285956e+00  1.383119e+00  -9.716367e-02 
2.980000e-01  1.316103e+00  1.410258e+00  -9.415441e-02 
2.990000e-01  1.371372e+00  1.463044e+00  -9.167139e-02 
3.000000e-01  1.341718e+00  1.428115e+00  -8.639733e-02 
3.010000e-01  1.355752e+00  1.438839e+00  -8.308666e-02 
3.020000e-01  1.368199e+00  1.448097e+00  -7.989812e-02 
3.030000e-01  1.389361e+00  1.472079e+00  -8.271791e-02 
3.040000e-01  1.444036e+00  1.522635e+00  -7.859931e-02 
3.050000e-01  1.462507e+00  1.547107e+00  -8.459964e-02 
3.060000e-01  1.482024e+00  1.567461e+00  -8.543655e-02 
3.070000e-01  1.531578e+00  1.610664e+00  -7.908583e-02 
3.080000e-01  1.497893e+00  1.571354e+00  -7.346138e-02 
3.090000e-01  1.516383e+00  1.578913e+00  -6.252937e-02 
3.100000e-01  1.477785e+00  1.532836e+00  -5.505086e-02 
3.110000e-01  1.522548e+00  1.580780e+00  -5.823160e-02 
3.120000e-01  1.575970e+00  1.644037e+00  -6.806724e-02 
3.130000e-01  1.596001e+00  1.666461e+00  -7.046035e-02 
3.140000e-01  1.568848e+00  1.644951e+00  -7.610237e-02 
3.150000e-01  1.561090e+00  1.647681e+00  -8.659066e-02 
3.160000e-01  1.551486e+00  1.640156e+00  -8.866985e-02 
3.170000e-01  1.553773e+00  1.641063e+00  -8.728998e-02 
3.180000e-01  1.576235e+00  1.661076e+00  -8.484028e-02 
3.190000e-01  1.571184e+00  1.654269e+00  -8.308524e-02 
3.200000e-01  1.602614e+00  1.690273e+00  -8.765918e-02 
3.210000e-01  1.609678e+00  1.705619e+00  -9.594074e-02 
3.220000e-01  1.606910e+00  1.706496e+00  -9.958580e-02 
3.230000e-01  1.579232e+00  1.680443e+00  -1.012106e-01 
3.240000e-01  1.556612e+00  1.657002e+00  -1.003901e-01 
3.250000e-01  1.541636e+00  1.636752e+00  -9.511606e-02 
3.260000e-01  1.542189e+00  1.635427e+00  -9.323854e-02 
3.270000e-01  1.572836e+00  1.661985e+00  -8.914922e-02 
3.280000e-01  1.565382e+00  1.647584e+00  -8.220213e-02 
3.290000e-01  1.542313e+00  1.618955e+00  -7.664131e-02 
3.300000e-01  1.538037e+00  1.614235e+00  -7.619772e-02 
3.310000e-01  1.483625e+00  1.548322e+00  -6.469687e-02 
3.320000e-01  1.516667e+00  1.586376e+00  -6.970866e-02 
3.330000e-01  1.576752e+00  1.637513e+00  -6.076140e-02 
3.340000e-01  1.586149e+00  1.642323e+00  -5.617414e-02 
3.350000e-01  1.590426e+00  1.642540e+00  -5.211382e-02 
3.360000e-01  1.603415e+00  1.658743e+00  -5.532768e-02 
3.370000e-01  1.622539e+00  1.677097e+00  -5.455734e-02 
3.380000e-01  1.625059e+00  1.684984e+00  -5.992542e-02 
3.390000e-01  1.656846e+00  1.717340e+00  -6.049340e-02 
3.400000e-01  1.632948e+00  1.692621e+00  -5.967381e-02 
3.410000e-01  1.672277e+00  1.723619e+00  -5.134150e-02 
3.420000e-01  1.639570e+00  1.699015e+00  -5.944507e-02 
3.430000e-01  1.655157e+00  1.715760e+00  -6.060347e-02 
3.440000e-01  1.652365e+00  1.712358e+00  -5.999258e-02 
3.450000e-01  1.617619e+00  1.666952e+00  -4.933269e-02 
3.460000e-01  1.635687e+00  1.696866e+00  -6.117879e-02 
3.470000e-01  1.636794e+00  1.709780e+00  -7.298610e-02 
3.480000e-01  1.639373e+00  1.704866e+00  -6.549384e-02 
3.490000e-01  1.659291e+00  1.728486e+00  -6.919488e-02 
3.500000e-01  1.666120e+00  1.723132e+00  -5.701240e-02 
3.510000e-01  1.661662e+00  1.716992e+00  -5.533042e-02 
3.520000e-01  1.639557e+00  1.704735e+00  -6.517781e-02 
3.530000e-01  1.617692e+00  1.689989e+00  -7.229750e-02 
3.540000e-01  1.679766e+00  1.761023e+00  -8.125662e-02 
3.550000e-01  1.670011e+00  1.742598e+00  -7.258682e-02 
3.560000e-01  1.627121e+00  1.705499e+00  -7.837743e-02 
3.570000e-01  1.621934e+00  1.701570e+00  -7.963627e-02 
3.580000e-01  1.624573e+00  1.695454e+00  -7.088150e-02 
3.590000e-01  1.684192e+00  1.753708e+00  -6.951616e-02 
3.600000e-01  1.728826e+00  1.800279e+00  -7.145334e-02 
3.610000e-01  1.770290e+00  1.835171e+00  -6.488050e-02 
3.620000e-01  1.749004e+00  1.812687e+00  -6.368254e-02 
3.630000e-01  1.727355e+00  1.798220e+00  -7.086571e-02 
3.640000e-01  1.692718e+00  1.764390e+00  -7.167208e-02 
3.650000e-01  1.742588e+00  1.814283e+00  -7.169539e-02 
3.660000e-01  1.673445e+00  1.748196e+00  -7.475013e-02 
3.670000e-01  1.708136e+00  1.767403e+00  -5.926701e-02 
3.680000e-01  1.785081e+00  1.840609e+00  -5.552878e-02 
3.690000e-01  1.759636e+00  1.822334e+00  -6.269794e-02 
3.700000e-01  1.817441e+00  1.895454e+00  -7.801256e-02 
3.710000e-01  1.782366e+00  1.853819e+00  -7.145270e-02 
3.720000e-01  1.758311e+00  1.832247e+00  -7.393599e-02 
3.730000e-01  1.696083e+00  1.762139e+00  -6.605585e-02 
3.740000e-01  1.661093e+00  1.740771e+00  -7.967842e-02 
3.750000e-01  1.619972e+00  1.699412e+00  -7.943942e-02 
3.760000e-01  1.649518e+00  1.737547e+00  -8.802851e-02 
3.770000e-01  1.669954e+00  1.762296e+00  -9.234149e-02 
3.780000e-01  1.681591e+00  1.761908e+00  -8.031705e-02 
3.790000e-01  1.721690e+00  1.798522e+00  -7.683241e-02 
3.800000e-01  1.781056e+00  1.853014e+00  -7.195765e-02 
3.810000e-01  1.822114e+00  1.900835e+00  -7.872108e-02 
3.820000e-01  1.884938e+00  1.967604e+00  -8.266653e-02 
3.830000e-01  1.887991e+00  1.964175e+00  -7.618400e-02 
3.840000e-01  1.866140e+00  1.944966e+00  -7.882613e-02 
3.850000e-01  1.883885e+00  1.967030e+00  -8.314515e-02 
3.860000e-01  1.880286e+00  1.976609e+00  -9.632329e-02 
3.870000e-01  1.925322e+00  2.018847e+00  -9.352494e-02 
3.880000e-01  1.892481e+00  2.000006e+00  -1.075251e-01 
3.890000e-01  1.869750e+00  1.967836e+00  -9.808540e-02 
3.900000e-01  1.858695e+00  1.946966e+00  -8.827196e-02 
3.910000e-01  1.871221e+00  1.949638e+00  -7.841746e-02 
3.920000e-01  1.854403e+00  1.923669e+00  -6.926555e-02 
3.930000e-01  1.860121e+00  1.923684e+00  -6.356275e-02 
3.940000e-01  1.849720e+00  1.913069e+00  -6.334964e-02 
3.950000e-01  1.864046e+00  1.927624e+00  -6.357777e-02 
3.960000e-01  1.865347e+00  1.932840e+00  -6.749323e-02 
3.970000e-01  1.886938e+00  1.945654e+00  -5.871640e-02 
3.980000e-01  1.902382e+00  1.952557e+00  -5.017460e-02 
3.990000e-01  1.865799e+00  1.914239e+00  -4.843999e-02 
4.000000e-01  1.869015e+00  1.915145e+00  -4.613004e-02 
4.010000e-01  1.861418e+00  1.908453e+00  -4.703567e-02 
4.020000e-01  1.845679e+00  1.894931e+00  -4.925281e-02 
4.030000e-01  1.866821e+00  1.920661e+00  -5.384011e-02 
4.040000e-01  1.849559e+00  1.913820e+00  -6.426127e-02 
4.050000e-01  1.820280e+00  1.882195e+00  -6.191463e-02 
4.060000e-01  1.842302e+00  1.909734e+00  -6.743219e-02 
4.070000e-01  1.837064e+00  1.890308e+00  -5.324394e-02 
4.080000e-01  1.827931e+00  1.866012e+00  -3.808177e-02 
4.090000e-01  1.860981e+00  1.907688e+00  -4.670665e-02 
4.100000e-01  1.856203e+00  1.901886e+00  -4.568353e-02 
4.110000e-01  1.930401e+00  1.972897e+00  -4.249647e-02 
4.120000e-01  1.942516e+00  1.981356e+00  -3.883956e-02 
4.130000e-01  1.934510e+00  1.987554e+00  -5.304438e-02 
4.140000e-01  1.967037e+00  2.021294e+00  -5.425726e-02 
4.150000e-01  1.959474e+00  2.010675e+00  -5.120038e-02 
4.160000e-01  1.864272e+00  1.930312e+00  -6.604056e-02 
4.170000e-01  1.894554e+00  1.967259e+00  -7.270516e-02 
4.180000e-01  1.905482e+00  1.978675e+00  -7.319340e-02 
4.190000e-01  1.878069e+00  1.955925e+00  -7.785617e-02 
4.200000e-01  1.887689e+00  1.961182e+00  -7.349275e-02 
4.210000e-01  1.909708e+00  1.988824e+00  -7.911610e-02 
4.220000e-01  1.898995e+00  1.976701e+00  -7.770641e-02 
4.230000e-01  1.895467e+00  1.974271e+00  -7.880372e-02 
4.240000e-01  1.919970e+00  2.000509e+00  -8.053831e-02 
4.250000e-01  1.885560e+00  1.967432e+00  -8.187131e-02 
4.260000e-01  1.884262e+00  1.980270e+00  -9.600806e-02 
4.270000e-01  1.847002e+00  1.941520e+00  -9.451719e-02 
4.280000e-01  1.879545e+00  1.976122e+00  -9.657619e-02 
4.290000e-01  1.863667e+00  1.956831e+00  -9.316371e-02 
4.300000e-01  1.870875e+00  1.963622e+00  -9.274738e-02 
4.310000e-01  1.827811e+00  1.921302e+00  -9.349095e-02 
4.320000e-01  1.793807e+00  1.889194e+00  -9.538694e-02 
4.330000e-01  1.730888e+00  1.836285e+00  -1.053965e-01 
4.340000e-01  1.759375e+00  1.855286e+00  -9.591050e-02 
4.350000e-01  1.788056e+00  1.893820e+00  -1.057640e-01 
4.360000e-01  1.814397e+00  1.914903e+00  -1.005059e-01 
4.370000e-01  1.777366e+00  1.872363e+00  -9.499727e-02 
4.380000e-01  1.801331e+00  1.905236e+00  -1.039043e-01 
4.390000e-01  1.799034e+00  1.894337e+00  -9.530298e-02 
4.400000e-01  1.833604e+00  1.922036e+00  -8.843134e-02 
4.410000e-01  1.802475e+00  1.887269e+00  -8.479405e-02 
4.420000e-01  1.832414e+00  1.900949e+00  -6.853516e-02 
4.430000e-01  1.879140e+00  1.954896e+00  -7.575605e-02 
4.440000e-01  1.907672e+00  1.974547e+00  -6.687494e-02 
4.450000e-01  1.930742e+00  1.990862e+00  -6.011980e-02 
4.460000e-01  1.860195e+00  1.914618e+00  -5.442298e-02 
4.470000e-01  1.876481e+00  1.930608e+00  -5.412677e-02 
4.480000e-01  1.905669e+00  1.965985e+00  -6.031635e-02 
4.490000e-01  1.903630e+00  1.944591e+00  -4.096134e-02 
4.500000e-01  1.873342e+00  1.921931e+00  -4.858892e-02 
4.510000e-01  1.809134e+00  1.856260e+00  -4.712632e-02 
4.520000e-01  1.850341e+00  1.897957e+00  -4.761590e-02 
4.530000e-01  1.822138e+00  1.875974e+00  -5.383632e-02 
4.540000e-01  1.863059e+00  1.907283e+00  -4.422448e-02 
4.550000e-01  1.907322e+00  1.956057e+00  -4.873444e-02 
4.560000e-01  1.959858e+00  2.006853e+00  -4.699523e-02 
4.570000e-01  1.946175e+00  1.997176e+00  -5.100089e-02 
4.580000e-01  1.918111e+00  1.964888e+00  -4.677681e-02 
4.590000e-01  1.908836e+00  1.958982e+00  -5.014597e-02 
4.600000e-01  1.916225e+00  1.964999e+00  -4.877393e-02 
4.610000e-01  1.912297e+00  1.954403e+00  -4.210665e-02 
4.620000e-01  1.939869e+00  1.982071e+00  -4.220187e-02 
4.630000e-01  1.904686e+00  1.935080e+00  -3.039447e-02 
4.640000e-01  1.861683e+00  1.904763e+00  -4.308036e-02 
4.650000e-01  1.840294e+00  1.876795e+00  -3.650077e-02 
4.660000e-01  1.772290e+00  1.807847e+00  -3.555673e-02 
4.670000e-01  1.807714e+00  1.831325e+00  -2.361167e-02 
4.680000e-01  1.838087e+00  1.843085e+00  -4.997644e-03 
4.690000e-01  1.858206e+00  1.864350e+00  -6.144100e-03 
4.700000e-01  1.866327e+00  1.867536e+00  -1.209424e-03 
4.710000e-01  1.866927e+00  1.870596e+00  -3.669292e-03 
4.720000e-01  1.882041e+00  1.890588e+00  -8.547752e-03 
4.730000e-01  1.997411e+00  2.000961e+00  -3.549974e-03 
4.740000e-01  1.975387e+00  1.972627e+00  2.759362e-03 
4.750000e-01  2.039473e+00  2.037568e+00  1.904901e-03 
4.760000e-01  2.073453e+00  2.062308e+00  1.114513e-02 
4.770000e-01  2.048787e+00  2.040590e+00  8.197534e-03 
4.780000e-01  2.068028e+00  2.063448e+00  4.580032e-03 
4.790000e-01  2.073580e+00  2.067444e+00  6.136314e-03 
4.800000e-01  2.085786e+00  2.071742e+00  1.404431e-02 
4.810000e-01  2.053424e+00  2.027554e+00  2.587023e-02 
4.820000e-01  2.060331e+00  2.023303e+00  3.702826e-02 
4.830000e-01  2.058743e+00  2.023005e+00  3.573859e-02 
4.840000e-01  2.044591e+00  1.998708e+00  4.588305e-02 
4.850000e-01  2.063874e+00  2.011557e+00  5.231757e-02 
4.860000e-01  2.124335e+00  2.078060e+00  4.627556e-02 
4.870000e-01  2.126134e+00  2.083611e+00  4.252294e-02 
4.880000e-01  2.094959e+00  2.045041e+00  4.991769e-02 
4.890000e-01  2.072712e+00  2.019273e+00  5.343888e-02 
4.900000e-01  2.093281e+00  2.032012e+00  6.126988e-02 
4.910000e-01  2.023903e+00  1.962744e+00  6.115817e-02 
4.920000e-01  2.008877e+00  1.954363e+00  5.451398e-02 
4.930000e-01  2.011050e+00  1.968101e+00  4.294907e-02 
4.940000e-01  2.004011e+00  1.965602e+00  3.840818e-02 
4.950000e-01  2.001917e+00  1.952806e+00  4.911041e-02 
4.960000e-01  2.019944e+00  1.986065e+00  3.387885e-02 
4.970000e-01  2.073830e+00  2.024571e+00  4.925883e-02 
4.980000e-01  2.060222e+00  2.011894e+00  4.832770e-02 
4.990000e-01  2.040238e+00  2.002674e+00  3.756465e-02 
5.000000e-01  2.014912e+00  1.993828e+00  2.108415e-02 
5.010000e-01  2.021123e+00  2.002019e+00  1.910316e-02 
5.020000e-01  2.024687e+00  2.002080e+00  2.260708e-02 
5.030000e-01  2.080844e+00  2.042435e+00  3.840979e-02 
5.040000e-01  2.110875e+00  2.081453e+00  2.942228e-02 
5.050000e-01  2.092783e+00  2.070563e+00  2.221971e-02 
5.060000e-01  2.089733e+00  2.087176e+00  2.557025e-03 
5.070000e-01  2.090896e+00  2.086339e+00  4.557004e-03 
5.080000e-01  2.102981e+00  2.104032e+00  -1.051111e-03 
5.090000e-01  2.135030e+00  2.141285e+00  -6.254818e-03 
5.100000e-01  2.087224e+00  2.090292e+00  -3.068509e-03 
5.110000e-01  2.091477e+00  2.096527e+00  -5.050733e-03 
5.120000e-01  2.061219e+00  2.069884e+00  -8.665216e-03 
5.130000e-01  2.020395e+00  2.039552e+00  -1.915695e-02 
5.140000e-01  2.031930e+00  2.038521e+00  -6.590965e-03 
5.150000e-01  2.041182e+00  2.050076e+00  -8.894144e-03 
5.160000e-01  2.029730e+00  2.028456e+00  1.273908e-03 
5.170000e-01  2.054629e+00  2.049436e+00  5.193445e-03 
5.180000e-01  2.074522e+00  2.077143e+00  -2.620403e-03 
5.190000e-01  2.112187e+00  2.102937e+00  9.250300e-03 
5.200000e-01  2.079052e+00  2.070338e+00  8.714156e-03 
5.210000e-01  2.046620e+00  2.019781e+00  2.683851e-02 
5.220000e-01  2.005667e+00  1.977398e+00  2.826897e-02 
5.230000e-01  2.018283e+00  1.991258e+00  2.702460e-02 
5.240000e-01  2.010708e+00  1.990977e+00  1.973138e-02 
5.250000e-01  2.012311e+00  2.002926e+00  9.384698e-03 
5.260000e-01  1.990918e+00  1.978931e+00  1.198697e-02 
5.270000e-01  2.004472e+00  1.986260e+00  1.821135e-02 
5.280000e-01  2.023834e+00  2.004090e+00  1.974473e-02 
5.290000e-01  2.024654e+00  2.019528e+00  5.126367e-03 
5.300000e-01  2.002511e+00  2.001888e+00  6.237818e-04 
5.310000e-01  1.999453e+00  2.016278e+00  -1.682469e-02 
5.320000e-01  1.998694e+00  2.012340e+00  -1.364603e-02 
5.330000e-01  1.979932e+00  1.982019e+00  -2.087298e-03 
5.340000e-01  1.954409e+00  1.955902e+00  -1.493083e-03 
5.350000e-01  2.014149e+00  2.009799e+00  4.349511e-03 
5.360000e-01  2.061525e+00  2.056555e+00  4.970047e-03 
5.370000e-01  2.057978e+00  2.048378e+00  9.599790e-03 
5.380000e-01  2.085652e+00  2.071807e+00  1.384466e-02 
5.390000e-01  2.045031e+00  2.034693e+00  1.033774e-02 
5.400000e-01  2.059454e+00  2.050834e+00  8.619726e-03 
5.410000e-01  2.115527e+00  2.105395e+00  1.013161e-02 
5.420000e-01  2.088918e+00  2.070021e+00  1.889716e-02 
5.430000e-01  2.150350e+00  2.139336e+00  1.101330e-02 
5.440000e-01  2.178332e+00  2.180067e+00  -1.734321e-03 
5.450000e-01  2.206290e+00  2.214577e+00  -8.286691e-03 
5.460000e-01  2.244520e+00  2.267364e+00  -2.284441e-02 
5.470000e-01  2.224219e+00  2.227945e+00  -3.726311e-03 
5.480000e-01  2.218464e+00  2.226897e+00  -8.433668e-03 
5.490000e-01  2.193714e+00  2.205011e+00  -1.129670e-02 
5.500000e-01  2.156246e+00  2.153637e+00  2.608929e-03 
5.510000e-01  2.133971e+00  2.127085e+00  6.885431e-03 
5.520000e-01  2.130578e+00  2.122028e+00  8.550149e-03 
5.530000e-01  2.112968e+00  2.128106e+00  -1.513815e-02 
5.540000e-01  2.116424e+00  2.134435e+00  -1.801043e-02 
5.550000e-01  2.129512e+00  2.144651e+00  -1.513920e-02 
5.560000e-01  2.175229e+00  2.189600e+00  -1.437123e-02 
5.570000e-01  2.180911e+00  2.178462e+00  2.449404e-03 
5.580000e-01  2.154083e+00  2.146313e+00  7.770724e-03 
5.590000e-01  2.128294e+00  2.122503e+00  5.790979e-03 
5.600000e-01  2.057254e+00  2.051037e+00  6.216441e-03 
5.610000e-01  2.017431e+00  2.017951e+00  -5.200152e-04 
5.620000e-01  2.031268e+00  2.042169e+00  -1.090078e-02 
5.630000e-01  2.054987e+00  2.050763e+00  4.223680e-03 
5.640000e-01  2.070405e+00  2.060482e+00  9.923242e-03 
5.650000e-01  2.057265e+00  2.052610e+00  4.655157e-03 
5.660000e-01  2.015331e+00  1.994905e+00  2.042593e-02 
5.670000e-01  2.039693e+00  2.016331e+00  2.336172e-02 
5.680000e-01  2.040975e+00  2.018261e+00  2.271424e-02 
5.690000e-01  2.046614e+00  2.011602e+00  3.501122e-02 
5.700000e-01  2.042361e+00  2.007388e+00  3.497253e-02 
5.710000e-01  2.023159e+00  1.997265e+00  2.589380e-02 
5.720000e-01  2.074751e+00  2.050688e+00  2.406356e-02 
5.730000e-01  2.105452e+00  2.077505e+00  2.794665e-02 
5.740000e-01  2.096376e+00  2.080537e+00  1.583831e-02 
5.750000e-01  2.118488e+00  2.096119e+00  2.236962e-02 
5.760000e-01  2.131515e+00  2.108224e+00  2.329148e-02 
5.770000e-01  2.108201e+00  2.092056e+00  1.614494e-02 
5.780000e-01  2.125092e+00  2.102299e+00  2.279267e-02 
5.790000e-01  2.096885e+00  2.075394e+00  2.149093e-02 
5.800000e-01  2.043632e+00  2.027296e+00  1.633629e-02 
5.810000e-01  2.018212e+00  1.987651e+00  3.056008e-02 
5.820000e-01  1.973527e+00  1.943963e+00  2.956479e-02 
5.830000e-01  1.969362e+00  1.953811e+00  1.555184e-02 
5.840000e-01  1.967315e+00  1.961669e+00  5.645410e-03 
5.850000e-01  1.905071e+00  1.886669e+00  1.840117e-02 
5.860000e-01  1.967923e+00  1.953148e+00  1.477440e-02 
5.870000e-01  1.954508e+00  1.947199e+00  7.308605e-03 
5.880000e-01  1.927537e+00  1.924444e+00  3.093200e-03 
5.890000e-01  1.971932e+00  1.966980e+00  4.951482e-03 
5.900000e-01  1.962753e+00  1.953910e+00  8.843301e-03 
5.910000e-01  1.967757e+00  1.968570e+00  -8.127329e-04 
5.920000e-01  1.986805e+00  1.997142e+00  -1.033677e-02 
5.930000e-01  2.037175e+00  2.037085e+00  9.011351e-05 
5.940000e-01  2.009641e+00  2.018915e+00  -9.273141e-03 
5.950000e-01  2.018161e+00  2.035210e+00  -1.704892e-02 
5.960000e-01  1.995917e+00  2.014575e+00  -1.865757e-02 
5.970000e-01  2.015006e+00  2.037542e+00  -2.253573e-02 
5.980000e-01  1.965703e+00  1.980723e+00  -1.502044e-02 
5.990000e-01  2.001572e+00  2.012309e+00  -1.073713e-02 
6.000000e-01  1.990175e+00  2.000817e+00  -1.064171e-02 
6.010000e-01  1.940622e+00  1.946982e+00  -6.360130e-03 
6.020000e-01  1.950210e+00  1.940740e+00  9.469888e-03 
6.030000e-01  1.959078e+00  1.949600e+00  9.477520e-03 
6.040000e-01  1.965531e+00  1.972120e+00  -6.589414e-03 
6.050000e-01  2.033456e+00  2.040517e+00  -7.060267e-03 
6.060000e-01  2.013430e+00  2.027721e+00  -1.429064e-02 
6.070000e-01  2.020256e+00  2.033379e+00  -1.312293e-02 
6.080000e-01  2.049766e+00  2.044526e+00  5.239859e-03 
6.090000e-01  2.052757e+00  2.041530e+00  1.122757e-02 
6.100000e-01  2.043078e+00  2.034233e+00  8.844462e-03 
6.110000e-01  2.058541e+00  2.031855e+00  2.668561e-02 
6.120000e-01  2.087108e+00  2.067397e+00  1.971089e-02 
6.130000e-01  2.138663e+00  2.122037e+00  1.662600e-02 
6.140000e-01  2.128314e+00  2.126384e+00  1.929762e-03 
6.150000e-01  2.099783e+00  2.106112e+00  -6.328978e-03 
6.160000e-01  2.114818e+00  2.130210e+00  -1.539220e-02 
6.170000e-01  2.075759e+00  2.090216e+00  -1.445764e-02 
6.180000e-01  2.044689e+00  2.066438e+00  -2.174872e-02 
6.190000e-01  2.054472e+00  2.084030e+00  -2.955796e-02 
6.200000e-01  2.059038e+00  2.092005e+00  -3.296704e-02 
6.210000e-01  2.074139e+00  2.111006e+00  -3.686703e-02 
6.220000e-01  2.104873e+00  2.130232e+00  -2.535889e-02 
6.230000e-01  2.131778e+00  2.158067e+00  -2.628983e-02 
6.240000e-01  2.150705e+00  2.185801e+00  -3.509605e-02 
6.250000e-01  2.140626e+00  2.182890e+00  -4.226387e-02 
6.260000e-01  2.168811e+00  2.216408e+00  -4.759745e-02 
6.270000e-01  2.197142e+00  2.248347e+00  -5.120529e-02 
6.280000e-01  2.159826e+00  2.209858e+00  -5.003168e-02 
6.290000e-01  2.187207e+00  2.218052e+00  -3.084552e-02 
6.300000e-01  2.172783e+00  2.199269e+00  -2.648617e-02 
6.310000e-01  2.168655e+00  2.198560e+00  -2.990457e-02 
6.320000e-01  2.161389e+00  2.192940e+00  -3.155084e-02 
6.330000e-01  2.199936e+00  2.220693e+00  -2.075728e-02 
6.340000e-01  2.213910e+00  2.236005e+00  -2.209503e-02 
6.350000e-01  2.223100e+00  2.234827e+00  -1.172671e-02 
6.360000e-01  2.230840e+00  2.223992e+00  6.847728e-03 
6.370000e-01  2.174061e+00  2.153785e+00  2.027584e-02 
6.380000e-01  2.145655e+00  2.130711e+00  1.494372e-02 
6.390000e-01  2.112603e+00  2.090000e+00  2.260233e-02 
6.400000e-01  2.124513e+00  2.101035e+00  2.347784e-02 
6.410000e-01  2.112397e+00  2.085257e+00  2.714073e-02 
6.420000e-01  2.036214e+00  2.014078e+00  2.213595e-02 
6.430000e-01  2.025526e+00  2.006270e+00  1.925622e-02 
6.440000e-01  2.028521e+00  2.006360e+00  2.216129e-02 
6.450000e-01  2.001735e+00  1.983355e+00  1.837982e-02 
6.460000e-01  1.995467e+00  1.984074e+00  1.139295e-02 
6.470000e-01  1.978853e+00  1.961059e+00  1.779367e-02 
6.480000e-01  1.922798e+00  1.899481e+00  2.331669e-02 
6.490000e-01  1.977037e+00  1.945509e+00  3.152838e-02 
6.500000e-01  1.925565e+00  1.898155e+00  2.741063e-02 
6.510000e-01  1.903224e+00  1.876104e+00  2.711980e-02 
6.520000e-01  1.880733e+00  1.851293e+00  2.944042e-02 
6.530000e-01  1.922062e+00  1.895805e+00  2.625725e-02 
6.540000e-01  1.946075e+00  1.911497e+00  3.457733e-02 
6.550000e-01  1.902637e+00  1.859246e+00  4.339147e-02 
6.560000e-01  1.935548e+00  1.884990e+00  5.055812e-02 
6.570000e-01  1.889234e+00  1.819651e+00  6.958315e-02 
6.580000e-01  1.844744e+00  1.774736e+00  7.000810e-02 
6.590000e-01  1.875695e+00  1.815872e+00  5.982259e-02 
6.600000e-01  1.847801e+00  1.785599e+00  6.220199e-02 
6.610000e-01  1.818660e+00  1.766001e+00  5.265906e-02 
6.620000e-01  1.841948e+00  1.791911e+00  5.003749e-02 
6.630000e-01  1.807286e+00  1.762094e+00  4.519279e-02 
6.640000e-01  1.821069e+00  1.755432e+00  6.563697e-02 
6.650000e-01  1.793151e+00  1.732151e+00  6.099956e-02 
6.660000e-01  1.759415e+00  1.694088e+00  6.532694e-02 
6.670000e-01  1.802863e+00  1.743294e+00  5.956890e-02 
6.680000e-01  1.789491e+00  1.727838e+00  6.165368e-02 
6.690000e-01  1.768001e+00  1.709403e+00  5.859800e-02 
6.700000e-01  1.786430e+00  1.733457e+00  5.297255e-02 
6.710000e-01  1.805960e+00  1.747554e+00  5.840537e-02 
6.720000e-01  1.801685e+00  1.748315e+00  5.337035e-02 
6.730000e-01  1.776213e+00  1.719055e+00  5.715860e-02 
6.740000e-01  1.778975e+00  1.726626e+00  5.234887e-02 
6.750000e-01  1.850414e+00  1.789999e+00  6.041560e-02 
6.760000e-01  1.868339e+00  1.802335e+00  6.600325e-02 
6.770000e-01  1.802301e+00  1.741833e+00  6.046795e-02 
6.780000e-01  1.841637e+00  1.774578e+00  6.705829e-02 
6.790000e-01  1.835353e+00  1.771643e+00  6.371000e-02 
6.800000e-01  1.790201e+00  1.726273e+00  6.392835e-02 
6.810000e-01  1.762304e+00  1.696918e+00  6.538672e-02 
6.820000e-01  1.732144e+00  1.670486e+00  6.165853e-02 
6.830000e-01  1.776045e+00  1.708755e+00  6.728943e-02 
6.840000e-01  1.759943e+00  1.693741e+00  6.620228e-02 
6.850000e-01  1.717725e+00  1.654246e+00  6.347938e-02 
6.860000e-01  1.683106e+00  1.613173e+00  6.993260e-02 
6.870000e-01  1.699644e+00  1.636816e+00  6.282862e-02 
6.880000e-01  1.715660e+00  1.650208e+00  6.545230e-02 
6.890000e-01  1.668350e+00  1.603706e+00  6.464480e-02 
6.900000e-01  1.626320e+00  1.561396e+00  6.492433e-02 
6.910000e-01  1.579195e+00  1.511210e+00  6.798507e-02 
6.920000e-01  1.631308e+00  1.571682e+00  5.962528e-02 
6.930000e-01  1.640802e+00  1.579868e+00  6.093384e-02 
6.940000e-01  1.644542e+00  1.598568e+00  4.597447e-02 
6.950000e-01  1.666436e+00  1.615110e+00  5.132596e-02 
6.960000e-01  1.662232e+00  1.605619e+00  5.661313e-02 
6.970000e-01  1.695384e+00  1.634314e+00  6.107046e-02 
6.980000e-01  1.662047e+00  1.606501e+00  5.554530e-02 
6.990000e-01  1.699297e+00  1.638455e+00  6.084195e-02 
7.000000e-01  1.664582e+00  1.605463e+00  5.911981e-02 
7.010000e-01  1.716830e+00  1.664391e+00  5.243951e-02 
7.020000e-01  1.721886e+00  1.678534e+00  4.335249e-02 
7.030000e-01  1.754579e+00  1.702666e+00  5.191223e-02 
7.040000e-01  1.749288e+00  1.692590e+00  5.669747e-02 
7.050000e-01  1.679878e+00  1.618006e+00  6.187178e-02 
7.060000e-01  1.655148e+00  1.582945e+00  7.220324e-02 
7.070000e-01  1.667173e+00  1.595082e+00  7.209149e-02 
7.080000e-01  1.679961e+00  1.607409e+00  7.255225e-02 
7.090000e-01  1.641842e+00  1.572261e+00  6.958045e-02 
7.100000e-01  1.622976e+00  1.560892e+00  6.208469e-02 
7.110000e-01  1.644185e+00  1.588389e+00  5.579589e-02 
7.120000e-01  1.649188e+00  1.593700e+00  5.548730e-02 
7.130000e-01  1.654332e+00  1.591293e+00  6.303880e-02 
7.140000e-01  1.678950e+00  1.614040e+00  6.491064e-02 
7.150000e-01  1.650137e+00  1.574055e+00  7.608239e-02 
7.160000e-01  1.636891e+00  1.575456e+00  6.143476e-02 
7.170000e-01  1.578757e+00  1.519148e+00  5.960926e-02 
7.180000e-01  1.528868e+00  1.472163e+00  5.670533e-02 
7.190000e-01  1.493680e+00  1.433658e+00  6.002261e-02 
7.200000e-01  1.498146e+00  1.440646e+00  5.749958e-02 
7.210000e-01  1.479939e+00  1.428346e+00  5.159304e-02 
7.220000e-01  1.462990e+00  1.420532e+00  4.245860e-02 
7.230000e-01  1.506171e+00  1.458767e+00  4.740411e-02 
7.240000e-01  1.480970e+00  1.435182e+00  4.578842e-02 
7.250000e-01  1.495604e+00  1.452855e+00  4.274855e-02 
7.260000e-01  1.524612e+00  1.488284e+00  3.632728e-02 
7.270000e-01  1.605315e+00  1.579865e+00  2.545047e-02 
7.280000e-01  1.571579e+00  1.539161e+00  3.241832e-02 
7.290000e-01  1.534489e+00  1.493418e+00  4.107083e-02 
7.300000e-01  1.558798e+00  1.515808e+00  4.299032e-02 
7.310000e-01  1.557985e+00  1.511504e+00  4.648096e-02 
7.320000e-01  1.575135e+00  1.526391e+00  4.874330e-02 
7.330000e-01  1.568762e+00  1.534215e+00  3.454763e-02 
7.340000e-01  1.556135e+00  1.526536e+00  2.959853e-02 
7.350000e-01  1.565971e+00  1.525269e+00  4.070195e-02 
7.360000e-01  1.525795e+00  1.478721e+00  4.707391e-02 
7.370000e-01  1.528853e+00  1.473841e+00  5.501209e-02 
7.380000e-01  1.509855e+00  1.456706e+00  5.314901e-02 
7.390000e-01  1.528457e+00  1.461620e+00  6.683726e-02 
7.400000e-01  1.479754e+00  1.416677e+00  6.307618e-02 
7.410000e-01  1.470216e+00  1.413210e+00  5.700645e-02 
7.420000e-01  1.488847e+00  1.419888e+00  6.895895e-02 
7.430000e-01  1.446891e+00  1.374826e+00  7.206482e-02 
7.440000e-01  1.464649e+00  1.414459e+00  5.018960e-02 
7.450000e-01  1.469554e+00  1.408602e+00  6.095132e-02 
7.460000e-01  1.483511e+00  1.424313e+00  5.919858e-02 
7.470000e-01  1.462214e+00  1.409253e+00  5.296131e-02 
7.480000e-01  1.474445e+00  1.413496e+00  6.094860e-02 
7.490000e-01  1.499945e+00  1.435363e+00  6.458117e-02 
7.500000e-01  1.506607e+00  1.441005e+00  6.560168e-02 
7.510000e-01  1.482273e+00  1.419501e+00  6.277196e-02 
7.520000e-01  1.514392e+00  1.462257e+00  5.213511e-02 
7.530000e-01  1.487364e+00  1.431849e+00  5.551468e-02 
7.540000e-01  1.489181e+00  1.429927e+00  5.925353e-02 
7.550000e-01  1.528088e+00  1.472303e+00  5.578498e-02 
7.560000e-01  1.545742e+00  1.497736e+00  4.800609e-02 
7.570000e-01  1.543510e+00  1.491633e+00  5.187664e-02 
7.580000e-01  1.518385e+00  1.464146e+00  5.423852e-02 
7.590000e-01  1.480816e+00  1.419328e+00  6.148795e-02 
7.600000e-01  1.508166e+00  1.450232e+00  5.793338e-02 
7.610000e-01  1.529462e+00  1.479307e+00  5.015534e-02 
7.620000e-01  1.574069e+00  1.511201e+00  6.286887e-02 
7.630000e-01  1.570088e+00  1.500215e+00  6.987315e-02 
7.640000e-01  1.628146e+00  1.550040e+00  7.810564e-02 
7.650000e-01  1.613895e+00  1.541525e+00  7.236940e-02 
7.660000e-01  1.646810e+00  1.581426e+00  6.538394e-02 
7.670000e-01  1.642780e+00  1.587339e+00  5.544101e-02 
7.680000e-01  1.645406e+00  1.583980e+00  6.142674e-02 
7.690000e-01  1.655796e+00  1.592062e+00  6.373431e-02 
7.700000e-01  1.660112e+00  1.590279e+00  6.983342e-02 
7.710000e-01  1.680465e+00  1.599172e+00  8.129252e-02 
7.720000e-01  1.670954e+00  1.591406e+00  7.954770e-02 
7.730000e-01  1.675353e+00  1.595726e+00  7.962669e-02 
7.740000e-01  1.645030e+00  1.571270e+00  7.376065e-02 
7.750000e-01  1.649943e+00  1.580157e+00  6.978589e-02 
7.760000e-01  1.657227e+00  1.585298e+00  7.192829e-02 
7.770000e-01  1.620322e+00  1.550372e+00  6.995049e-02 
7.780000e-01  1.629835e+00  1.566464e+00  6.337075e-02 
7.790000e-01  1.632197e+00  1.567486e+00  6.471122e-02 
7.800000e-01  1.686340e+00  1.626223e+00  6.011751e-02 
7.810000e-01  1.656921e+00  1.596098e+00  6.082312e-02 
7.820000e-01  1.632480e+00  1.576183e+00  5.629761e-02 
7.830000e-01  1.648553e+00  1.596167e+00  5.238629e-02 
7.840000e-01  1.705018e+00  1.658688e+00  4.633054e-02 
7.850000e-01  1.668293e+00  1.613405e+00  5.488848e-02 
7.860000e-01  1.661152e+00  1.605544e+00  5.560806e-02 
7.870000e-01  1.663774e+00  1.601608e+00  6.216674e-02 
7.880000e-01  1.681241e+00  1.610183e+00  7.105767e-02 
7.890000e-01  1.609546e+00  1.534537e+00  7.500889e-02 
7.900000e-01  1.576981e+00  1.500223e+00  7.675832e-02 
7.910000e-01  1.538088e+00  1.464892e+00  7.319534e-02 
7.920000e-01  1.533642e+00  1.458632e+00  7.500942e-02 
7.930000e-01  1.541986e+00  1.461878e+00  8.010765e-02 
7.940000e-01  1.478240e+00  1.400155e+00  7.808496e-02 
7.950000e-01  1.466694e+00  1.395451e+00  7.124297e-02 
7.960000e-01  1.401070e+00  1.328369e+00  7.270117e-02 
7.970000e-01  1.400936e+00  1.327796e+00  7.314005e-02 
7.980000e-01  1.377872e+00  1.311593e+00  6.627802e-02 
7.990000e-01  1.428384e+00  1.363277e+00  6.510706e-02 
8.000000e-01  1.411549e+00  1.356224e+00  5.532529e-02 
8.010000e-01  1.434824e+00  1.375915e+00  5.890880e-02 
8.020000e-01  1.435020e+00  1.378752e+00  5.626855e-02 
8.030000e-01  1.443216e+00  1.379896e+00  6.332012e-02 
8.040000e-01  1.476101e+00  1.416869e+00  5.923276e-02 
8.050000e-01  1.493786e+00  1.438350e+00  5.543636e-02 
8.060000e-01  1.478151e+00  1.422304e+00  5.584779e-02 
8.070000e-01  1.433202e+00  1.370161e+00  6.304164e-02 
8.080000e-01  1.406232e+00  1.341038e+00  6.519451e-02 
8.090000e-01  1.440205e+00  1.374983e+00  6.522228e-02 
8.100000e-01  1.446977e+00  1.377043e+00  6.993455e-02 
8.110000e-01  1.423495e+00  1.354188e+00  6.930735e-02 
8.120000e-01  1.417960e+00  1.351686e+00  6.627373e-02 
8.130000e-01  1.434710e+00  1.373627e+00  6.108327e-02 
8.140000e-01  1.418160e+00  1.347977e+00  7.018253e-02 
8.150000e-01  1.453878e+00  1.389661e+00  6.421674e-02 
8.160000e-01  1.520654e+00  1.459019e+00  6.163450e-02 
8.170000e-01  1.471348e+00  1.412137e+00  5.921103e-02 
8.180000e-01  1.452918e+00  1.399754e+00  5.316391e-02 
8.190000e-01  1.438118e+00  1.381973e+00  5.614461e-02 
8.200000e-01  1.388050e+00  1.337510e+00  5.054037e-02 
8.210000e-01  1.457246e+00  1.410993e+00  4.625284e-02 
8.220000e-01  1.459791e+00  1.406886e+00  5.290468e-02 
8.230000e-01  1.486252e+00  1.437302e+00  4.895019e-02 
8.240000e-01  1.490701e+00  1.434857e+00  5.584430e-02 
8.250000e-01  1.479962e+00  1.408754e+00  7.120771e-02 
8.260000e-01  1.481665e+00  1.406717e+00  7.494849e-02 
8.270000e-01  1.510897e+00  1.443272e+00  6.762475e-02 
8.280000e-01  1.455718e+00  1.376698e+00  7.901993e-02 
8.290000e-01  1.413102e+00  1.338362e+00  7.473983e-02 
8.300000e-01  1.386701e+00  1.314865e+00  7.183622e-02 
8.310000e-01  1.352018e+00  1.272424e+00  7.959375e-02 
8.320000e-01  1.371196e+00  1.287642e+00  8.355336e-02 
8.330000e-01  1.347590e+00  1.253218e+00  9.437257e-02 
8.340000e-01  1.375371e+00  1.281284e+00  9.408790e-02 
8.350000e-01  1.344851e+00  1.243288e+00  1.015631e-01 
8.360000e-01  1.309421e+00  1.204360e+00  1.050612e-01 
8.370000e-01  1.338919e+00  1.233496e+00  1.054230e-01 
8.380000e-01  1.293043e+00  1.197156e+00  9.588671e-02 
8.390000e-01  1.289771e+00  1.200112e+00  8.965913e-02 
8.400000e-01  1.300361e+00  1.216205e+00  8.415623e-02 
8.410000e-01  1.274995e+00  1.192826e+00  8.216908e-02 
8.420000e-01  1.249118e+00  1.164879e+00  8.423925e-02 
8.430000e-01  1.297744e+00  1.210462e+00  8.728227e-02 
8.440000e-01  1.268172e+00  1.180638e+00  8.753427e-02 
8.450000e-01  1.263295e+00  1.180560e+00  8.273440e-02 
8.460000e-01  1.285113e+00  1.203378e+00  8.173553e-02 
8.470000e-01  1.306918e+00  1.225883e+00  8.103520e-02 
8.480000e-01  1.333500e+00  1.252516e+00  8.098404e-02 
8.490000e-01  1.275273e+00  1.192640e+00  8.263315e-02 
8.500000e-01  1.269120e+00  1.186835e+00  8.228533e-02 
8.510000e-01  1.261462e+00  1.177672e+00  8.378948e-02 
8.520000e-01  1.236527e+00  1.144962e+00  9.156459e-02 
8.530000e-01  1.223094e+00  1.133716e+00  8.937860e-02 
8.540000e-01  1.196259e+00  1.112353e+00  8.390560e-02 
8.550000e-01  1.202585e+00  1.120847e+00  8.173769e-02 
8.560000e-01  1.167616e+00  1.091290e+00  7.632542e-02 
8.570000e-01  1.160266e+00  1.083047e+00  7.721944e-02 
8.580000e-01  1.139432e+00  1.062305e+00  7.712763e-02 
8.590000e-01  1.150559e+00  1.071583e+00  7.897647e-02 
8.600000e-01  1.208327e+00  1.133883e+00  7.444391e-02 
8.610000e-01  1.212604e+00  1.143229e+00  6.937435e-02 
8.620000e-01  1.220708e+00  1.159094e+00  6.161446e-02 
8.630000e-01  1.227465e+00  1.163777e+00  6.368840e-02 
8.640000e-01  1.272129e+00  1.208131e+00  6.399782e-02 
8.650000e-01  1.265861e+00  1.202780e+00  6.308065e-02 
8.660000e-01  1.266638e+00  1.199454e+00  6.718392e-02 
8.670000e-01  1.255218e+00  1.192308e+00  6.291025e-02 
8.680000e-01  1.292207e+00  1.231272e+00  6.093561e-02 
8.690000e-01  1.330605e+00  1.262406e+00  6.819936e-02 
8.700000e-01  1.313019e+00  1.244523e+00  6.849544e-02 
8.710000e-01  1.312436e+00  1.252277e+00  6.015900e-02 
8.720000e-01  1.327093e+00  1.268899e+00  5.819478e-02 
8.730000e-01  1.356795e+00  1.293901e+00  6.289361e-02 
8.740000e-01  1.373866e+00  1.308005e+00  6.586089e-02 
8.750000e-01  1.369053e+00  1.296218e+00  7.283448e-02 
8.760000e-01  1.374855e+00  1.299173e+00  7.568210e-02 
8.770000e-01  1.367094e+00  1.288374e+00  7.872051e-02 
8.780000e-01  1.410923e+00  1.346598e+00  6.432496e-02 
8.790000e-01  1.387327e+00  1.312224e+00  7.510311e-02 
8.800000e-01  1.409255e+00  1.335098e+00  7.415633e-02 
8.810000e-01  1.449632e+00  1.375403e+00  7.422845e-02 
8.820000e-01  1.482793e+00  1.401254e+00  8.153882e-02 
8.830000e-01  1.492648e+00  1.410933e+00  8.171412e-02 
8.840000e-01  1.508911e+00  1.418134e+00  9.077747e-02 
8.850000e-01  1.496478e+00  1.412524e+00  8.395416e-02 
8.860000e-01  1.521727e+00  1.442916e+00  7.881109e-02 
8.870000e-01  1.513110e+00  1.430049e+00  8.306070e-02 
8.880000e-01  1.548920e+00  1.473632e+00  7.528856e-02 
8.890000e-01  1.549438e+00  1.476506e+00  7.293220e-02 
8.900000e-01  1.485211e+00  1.411002e+00  7.420944e-02 
8.910000e-01  1.454068e+00  1.384141e+00  6.992695e-02 
8.920000e-01  1.460860e+00  1.399706e+00  6.115416e-02 
8.930000e-01  1.461489e+00  1.411133e+00  5.035579e-02 
8.940000e-01  1.430148e+00  1.378103e+00  5.204432e-02 
8.950000e-01  1.438675e+00  1.391844e+00  4.683045e-02 
8.960000e-01  1.487140e+00  1.436826e+00  5.031351e-02 
8.970000e-01  1.562017e+00  1.521025e+00  4.099212e-02 
8.980000e-01  1.585381e+00  1.528965e+00  5.641674e-02 
8.990000e-01  1.554717e+00  1.501984e+00  5.273287e-02 
9.000000e-01  1.554629e+00  1.501470e+00  5.315893e-02 
9.010000e-01  1.516583e+00  1.476800e+00  3.978271e-02 
9.020000e-01  1.555023e+00  1.508730e+00  4.629306e-02 
9.030000e-01  1.479809e+00  1.428747e+00  5.106235e-02 
9.040000e-01  1.453640e+00  1.407350e+00  4.629026e-02 
9.050000e-01  1.451797e+00  1.404505e+00  4.729214e-02 
9.060000e-01  1.462330e+00  1.415408e+00  4.692218e-02 
9.070000e-01  1.531262e+00  1.492032e+00  3.922964e-02 
9.080000e-01  1.532021e+00  1.490171e+00  4.185025e-02 
9.090000e-01  1.481055e+00  1.436338e+00  4.471757e-02 
9.100000e-01  1.476590e+00  1.432823e+00  4.376684e-02 
9.110000e-01  1.457236e+00  1.416861e+00  4.037511e-02 
9.120000e-01  1.501499e+00  1.456423e+00  4.507607e-02 
9.130000e-01  1.489007e+00  1.436409e+00  5.259786e-02 
9.140000e-01  1.500831e+00  1.445450e+00  5.538107e-02 
9.150000e-01  1.457160e+00  1.391312e+00  6.584804e-02 
9.160000e-01  1.468100e+00  1.398969e+00  6.913116e-02 
9.170000e-01  1.492862e+00  1.423610e+00  6.925166e-02 
9.180000e-01  1.527630e+00  1.446950e+00  8.068006e-02 
9.190000e-01  1.523989e+00  1.439741e+00  8.424883e-02 
9.200000e-01  1.496659e+00  1.410305e+00  8.635410e-02 
9.210000e-01  1.473504e+00  1.388512e+00  8.499155e-02 
9.220000e-01  1.485002e+00  1.400317e+00  8.468560e-02 
9.230000e-01  1.500385e+00  1.414476e+00  8.590939e-02 
9.240000e-01  1.470590e+00  1.378311e+00  9.227898e-02 
9.250000e-01  1.417553e+00  1.332865e+00  8.468779e-02 
9.260000e-01  1.401502e+00  1.317702e+00  8.380041e-02 
9.270000e-01  1.377306e+00  1.295287e+00  8.201901e-02 
9.280000e-01  1.392260e+00  1.304687e+00  8.757309e-02 
9.290000e-01  1.423205e+00  1.329940e+00  9.326494e-02 
9.300000e-01  1.396787e+00  1.308941e+00  8.784610e-02 
9.310000e-01  1.415660e+00  1.329704e+00  8.595640e-02 
9.320000e-01  1.420680e+00  1.341181e+00  7.949857e-02 
9.330000e-01  1.396965e+00  1.319527e+00  7.743766e-02 
9.340000e-01  1.356311e+00  1.286525e+00  6.978639e-02 
9.350000e-01  1.323267e+00  1.251072e+00  7.219497e-02 
9.360000e-01  1.327964e+00  1.251778e+00  7.618544e-02 
9.370000e-01  1.356815e+00  1.280153e+00  7.666245e-02 
9.380000e-01  1.372445e+00  1.308790e+00  6.365549e-02 
9.390000e-01  1.338227e+00  1.287665e+00  5.056221e-02 
9.400000e-01  1.351695e+00  1.306816e+00  4.487833e-02 
9.410000e-01  1.349554e+00  1.310740e+00  3.881357e-02 
9.420000e-01  1.369080e+00  1.331843e+00  3.723685e-02 
9.430000e-01  1.416250e+00  1.383231e+00  3.301937e-02 
9.440000e-01  1.479578e+00  1.445278e+00  3.429988e-02 
9.450000e-01  1.458623e+00  1.433172e+00  2.545106e-02 
9.460000e-01  1.423940e+00  1.400659e+00  2.328072e-02 
9.470000e-01  1.437829e+00  1.417618e+00  2.021095e-02 
9.480000e-01  1.421442e+00  1.400469e+00  2.097367e-02 
9.490000e-01  1.424024e+00  1.404007e+00  2.001739e-02 
9.500000e-01  1.472428e+00  1.456297e+00  1.613154e-02 
9.510000e-01  1.487201e+00  1.460421e+00  2.677967e-02 
9.520000e-01  1.515110e+00  1.477775e+00  3.733537e-02 
9.530000e-01  1.478563e+00  1.433535e+00  4.502856e-02 
9.540000e-01  1.440091e+00  1.394405e+00  4.568640e-02 
9.550000e-01  1.450227e+00  1.401054e+00  4.917323e-02 
9.560000e-01  1.457673e+00  1.409946e+00  4.772758e-02 
9.570000e-01  1.398111e+00  1.349541e+00  4.857020e-02 
9.580000e-01  1.421303e+00  1.377573e+00  4.372991e-02 
9.590000e-01  1.408058e+00  1.365569e+00  4.248862e-02 
9.600000e-01  1.402436e+00  1.359127e+00  4.330981e-02 
9.610000e-01  1.366482e+00  1.317468e+00  4.901360e-02 
9.620000e-01  1.401773e+00  1.360028e+00  4.174509e-02 
9.630000e-01  1.468375e+00  1.426542e+00  4.183332e-02 
9.640000e-01  1.440440e+00  1.413973e+00  2.646620e-02 
9.650000e-01  1.441111e+00  1.408429e+00  3.268229e-02 
9.660000e-01  1.460134e+00  1.437437e+00  2.269684e-02 
9.670000e-01  1.393083e+00  1.367400e+00  2.568263e-02 
9.680000e-01  1.370244e+00  1.342951e+00  2.729334e-02 
9.690000e-01  1.330711e+00  1.308287e+00  2.242451e-02 
9.700000e-01  1.313893e+00  1.280027e+00  3.386533e-02 
9.710000e-01  1.349356e+00  1.317977e+00  3.137914e-02 
9.720000e-01  1.325831e+00  1.294533e+00  3.129759e-02 
9.730000e-01  1.397550e+00  1.368759e+00  2.879110e-02 
9.740000e-01  1.400016e+00  1.378610e+00  2.140591e-02 
9.750000e-01  1.401981e+00  1.378239e+00  2.374193e-02 
9.760000e-01  1.347822e+00  1.326994e+00  2.082819e-02 
9.770000e-01  1.349718e+00  1.329456e+00  2.026201e-02 
9.780000e-01  1.353483e+00  1.343314e+00  1.016854e-02 
9.790000e-01  1.390308e+00  1.380327e+00  9.980437e-03 
9.800000e-01  1.389171e+00  1.386606e+00  2.565763e-03 
9.810000e-01  1.367623e+00  1.374717e+00  -7.093613e-03 
9.820000e-01  1.435098e+00  1.444093e+00  -8.995738e-03 
9.830000e-01  1.400587e+00  1.422035e+00  -2.144889e-02 
9.840000e-01  1.406624e+00  1.421662e+00  -1.503755e-02 
9.850000e-01  1.446936e+00  1.460470e+00  -1.353430e-02 
9.860000e-01  1.451843e+00  1.471662e+00  -1.981883e-02 
9.870000e-01  1.416132e+00  1.432489e+00  -1.635653e-02 
9.880000e-01  1.423373e+00  1.439851e+00  -1.647780e-02 
9.890000e-01  1.464170e+00  1.484630e+00  -2.046035e-02 
9.900000e-01  1.469032e+00  1.490402e+00  -2.136997e-02 
9.910000e-01  1.420094e+00  1.435520e+00  -1.542581e-02 
9.920000e-01  1.460215e+00  1.467607e+00  -7.391827e-03 
9.930000e-01  1.506376e+00  1.511015e+00  -4.639143e-03 
9.940000e-01  1.494475e+00  1.504799e+00  -1.032486e-02 
9.950000e-01  1.493496e+00  1.492620e+00  8.756506e-04 
9.960000e-01  1.515816e+00  1.516927e+00  -1.110888e-03 
9.970000e-01  1.471146e+00  1.469585e+00  1.560526e-03 
9.980000e-01  1.456695e+00  1.441427e+00  1.526867e-02 
9.990000e-01  1.432330e+00  1.421730e+00  1.060066e-02 
