0.000000e+00  1.000000e+00  1.000000e+00  0.000000e+00 
1.000000e-03  9.986543e-01  9.839160e-01  1.473827e-02 
2.000000e-03  1.004906e+00  9.829160e-01  2.199037e-02 
3.000000e-03  9.517006e-01  9.306764e-01  2.102427e-02 
4.000000e-03  9.553423e-01  9.254202e-01  2.992208e-02 
5.000000e-03  9.612875e-01  9.252717e-01  3.601586e-02 
6.000000e-03  9.829073e-01  9.512235e-01  3.168372e-02 
7.000000e-03  1.006531e+00  9.734851e-01  3.304635e-02 
8.000000e-03  1.005720e+00  9.756033e-01  3.011716e-02 
9.000000e-03  9.944168e-01  9.768570e-01  1.755976e-02 
1.000000e-02  9.767933e-01  9.674309e-01  9.362370e-03 
1.100000e-02  9.613603e-01  9.490340e-01  1.232630e-02 
1.200000e-02  9.594840e-01  9.314059e-01  2.807812e-02 
1.300000e-02  1.022627e+00  9.924652e-01  3.016184e-02 
1.400000e-02  1.004228e+00  9.855059e-01  1.872194e-02 
1.500000e-02  1.053117e+00  1.056709e+00  -3.591647e-03 
1.600000e-02  1.049434e+00  1.044708e+00  4.726654e-03 
1.700000e-02  1.065059e+00  1.052667e+00  1.239209e-02 
1.800000e-02  1.074672e+00  1.058306e+00  1.636592e-02 
1.900000e-02  1.120545e+00  1.111912e+00  8.633131e-03 
2.000000e-02  1.166264e+00  1.154614e+00  1.165052e-02 
2.100000e-02  1.188028e+00  1.180949e+00  7.078995e-03 
2.200000e-02  1.206578e+00  1.208152e+00  -1.573405e-03 
2.300000e-02  1.181166e+00  1.165149e+00  1.601758e-02 
2.400000e-02  1.201735e+00  1.174105e+00  2.763039e-02 
2.500000e-02  1.206009e+00  1.164369e+00  4.164008e-02 
2.600000e-02  1.266081e+00  1.210416e+00  5.566526e-02 
2.700000e-02  1.241030e+00  1.174628e+00  6.640242e-02 
2.800000e-02  1.219908e+00  1.147141e+00  7.276687e-02 
2.900000e-02  1.205720e+00  1.128302e+00  7.741800e-02 
3.000000e-02  1.213636e+00  1.139750e+00  7.388626e-02 
3.100000e-02  1.208422e+00  1.143022e+00  6.540010e-02 
3.200000e-02  1.221954e+00  1.143714e+00  7.823914e-02 
3.300000e-02  1.229060e+00  1.141602e+00  8.745852e-02 
3.400000e-02  1.215889e+00  1.143907e+00  7.198141e-02 
3.500000e-02  1.194888e+00  1.144018e+00  5.087005e-02 
3.600000e-02  1.194305e+00  1.153066e+00  4.123860e-02 
3.700000e-02  1.215789e+00  1.176437e+00  3.935154e-02 
3.800000e-02  1.225303e+00  1.167343e+00  5.796063e-02 
3.900000e-02  1.213666e+00  1.168477e+00  4.518897e-02 
4.000000e-02  1.254834e+00  1.231434e+00  2.340019e-02 
4.100000e-02  1.291890e+00  1.280463e+00  1.142695e-02 
4.200000e-02  1.323014e+00  1.314740e+00  8.274102e-03 
4.300000e-02  1.329819e+00  1.332165e+00  -2.346198e-03 
4.400000e-02  1.368662e+00  1.343332e+00  2.532944e-02 
4.500000e-02  1.342546e+00  1.301732e+00  4.081456e-02 
4.600000e-02  1.301039e+00  1.252954e+00  4.808461e-02 
4.700000e-02  1.245457e+00  1.201570e+00  4.388736e-02 
4.800000e-02  1.224730e+00  1.195063e+00  2.966707e-02 
4.900000e-02  1.216639e+00  1.199016e+00  1.762245e-02 
5.000000e-02  1.162184e+00  1.147974e+00  1.420935e-02 
5.100000e-02  1.140948e+00  1.140100e+00  8.474886e-04 
5.200000e-02  1.128551e+00  1.122934e+00  5.617405e-03 
5.300000e-02  1.160112e+00  1.164350e+00  -4.238118e-03 
5.400000e-02  1.185511e+00  1.201155e+00  -1.564426e-02 
5.500000e-02  1.149039e+00  1.168316e+00  -1.927703e-02 
5.600000e-02  1.149300e+00  1.169523e+00  -2.022267e-02 
5.700000e-02  1.169320e+00  1.200677e+00  -3.135702e-02 
5.800000e-02  1.184736e+00  1.208763e+00  -2.402766e-02 
5.900000e-02  1.271793e+00  1.317072e+00  -4.527836e-02 
6.000000e-02  1.264900e+00  1.300775e+00  -3.587493e-02 
6.100000e-02  1.287535e+00  1.324676e+00  -3.714022e-02 
6.200000e-02  1.284521e+00  1.304232e+00  -1.971076e-02 
6.300000e-02  1.261616e+00  1.268019e+00  -6.402546e-03 
6.400000e-02  1.266447e+00  1.285457e+00  -1.900962e-02 
6.500000e-02  1.279746e+00  1.305107e+00  -2.536150e-02 
6.600000e-02  1.205406e+00  1.255718e+00  -5.031215e-02 
6.700000e-02  1.234276e+00  1.293296e+00  -5.901927e-02 
6.800000e-02  1.239896e+00  1.288370e+00  -4.847401e-02 
6.900000e-02  1.279898e+00  1.338324e+00  -5.842627e-02 
7.000000e-02  1.343696e+00  1.415237e+00  -7.154130e-02 
7.100000e-02  1.350846e+00  1.421334e+00  -7.048876e-02 
7.200000e-02  1.375131e+00  1.450189e+00  -7.505780e-02 
7.300000e-02  1.360553e+00  1.454445e+00  -9.389153e-02 
7.400000e-02  1.360696e+00  1.454534e+00  -9.383742e-02 
7.500000e-02  1.344775e+00  1.446334e+00  -1.015590e-01 
7.600000e-02  1.303716e+00  1.395604e+00  -9.188852e-02 
7.700000e-02  1.353498e+00  1.429573e+00  -7.607464e-02 
7.800000e-02  1.345943e+00  1.426549e+00  -8.060633e-02 
7.900000e-02  1.373276e+00  1.462146e+00  -8.886939e-02 
8.000000e-02  1.388505e+00  1.499486e+00  -1.109811e-01 
8.100000e-02  1.346440e+00  1.432609e+00  -8.616868e-02 
8.200000e-02  1.354805e+00  1.443647e+00  -8.884171e-02 
8.300000e-02  1.311956e+00  1.396788e+00  -8.483276e-02 
8.400000e-02  1.308982e+00  1.381835e+00  -7.285266e-02 
8.500000e-02  1.305397e+00  1.390006e+00  -8.460889e-02 
8.600000e-02  1.299340e+00  1.392297e+00  -9.295662e-02 
8.700000e-02  1.266386e+00  1.371054e+00  -1.046671e-01 
8.800000e-02  1.281543e+00  1.368585e+00  -8.704268e-02 
8.900000e-02  1.303799e+00  1.375558e+00  -7.175948e-02 
9.000000e-02  1.284774e+00  1.364679e+00  -7.990433e-02 
9.100000e-02  1.310048e+00  1.375337e+00  -6.528866e-02 
9.200000e-02  1.310170e+00  1.363026e+00  -5.285616e-02 
9.300000e-02  1.323828e+00  1.382456e+00  -5.862840e-02 
9.400000e-02  1.307512e+00  1.361613e+00  -5.410112e-02 
9.500000e-02  1.307230e+00  1.347578e+00  -4.034801e-02 
9.600000e-02  1.335455e+00  1.362859e+00  -2.740445e-02 
9.700000e-02  1.336667e+00  1.341914e+00  -5.246466e-03 
9.800000e-02  1.367225e+00  1.370259e+00  -3.033818e-03 
9.900000e-02  1.384576e+00  1.377333e+00  7.242357e-03 
1.000000e-01  1.370298e+00  1.376086e+00  -5.787542e-03 
1.010000e-01  1.346368e+00  1.358723e+00  -1.235484e-02 
1.020000e-01  1.337452e+00  1.357347e+00  -1.989490e-02 
1.030000e-01  1.314649e+00  1.326282e+00  -1.163331e-02 
1.040000e-01  1.285595e+00  1.313295e+00  -2.769972e-02 
1.050000e-01  1.328681e+00  1.341141e+00  -1.246003e-02 
1.060000e-01  1.331503e+00  1.345685e+00  -1.418213e-02 
1.070000e-01  1.378261e+00  1.397734e+00  -1.947354e-02 
1.080000e-01  1.386691e+00  1.408793e+00  -2.210127e-02 
1.090000e-01  1.391765e+00  1.409669e+00  -1.790385e-02 
1.100000e-01  1.428690e+00  1.431058e+00  -2.368559e-03 
1.110000e-01  1.432184e+00  1.446645e+00  -1.446168e-02 
1.120000e-01  1.435675e+00  1.467239e+00  -3.156357e-02 
1.130000e-01  1.385539e+00  1.418166e+00  -3.262706e-02 
1.140000e-01  1.384227e+00  1.400135e+00  -1.590794e-02 
1.150000e-01  1.418648e+00  1.431322e+00  -1.267494e-02 
1.160000e-01  1.398272e+00  1.412376e+00  -1.410391e-02 
1.170000e-01  1.395188e+00  1.429120e+00  -3.393117e-02 
1.180000e-01  1.398216e+00  1.430737e+00  -3.252019e-02 
1.190000e-01  1.343697e+00  1.367391e+00  -2.369432e-02 
1.200000e-01  1.406480e+00  1.463071e+00  -5.659080e-02 
1.210000e-01  1.401973e+00  1.456249e+00  -5.427517e-02 
1.220000e-01  1.364045e+00  1.395693e+00  -3.164774e-02 
1.230000e-01  1.352825e+00  1.392065e+00  -3.923944e-02 
1.240000e-01  1.347189e+00  1.381789e+00  -3.460026e-02 
1.250000e-01  1.325169e+00  1.363644e+00  -3.847457e-02 
1.260000e-01  1.280639e+00  1.325789e+00  -4.514983e-02 
1.270000e-01  1.280102e+00  1.322961e+00  -4.285868e-02 
1.280000e-01  1.301006e+00  1.343429e+00  -4.242299e-02 
1.290000e-01  1.281924e+00  1.343001e+00  -6.107708e-02 
1.300000e-01  1.317046e+00  1.381517e+00  -6.447103e-02 
1.310000e-01  1.283893e+00  1.365423e+00  -8.153003e-02 
1.320000e-01  1.259833e+00  1.341268e+00  -8.143497e-02 
1.330000e-01  1.299070e+00  1.375495e+00  -7.642491e-02 
1.340000e-01  1.334033e+00  1.433031e+00  -9.899792e-02 
1.350000e-01  1.352917e+00  1.471647e+00  -1.187301e-01 
1.360000e-01  1.336275e+00  1.421659e+00  -8.538332e-02 
1.370000e-01  1.269950e+00  1.377397e+00  -1.074472e-01 
1.380000e-01  1.285179e+00  1.410871e+00  -1.256924e-01 
1.390000e-01  1.317326e+00  1.438355e+00  -1.210288e-01 
1.400000e-01  1.305213e+00  1.420532e+00  -1.153190e-01 
1.410000e-01  1.317007e+00  1.441950e+00  -1.249424e-01 
1.420000e-01  1.336841e+00  1.439427e+00  -1.025868e-01 
1.430000e-01  1.361623e+00  1.446652e+00  -8.502872e-02 
1.440000e-01  1.337529e+00  1.405606e+00  -6.807635e-02 
1.450000e-01  1.341210e+00  1.433393e+00  -9.218295e-02 
1.460000e-01  1.371694e+00  1.475326e+00  -1.036319e-01 
1.470000e-01  1.414696e+00  1.504295e+00  -8.959845e-02 
1.480000e-01  1.446267e+00  1.551643e+00  -1.053758e-01 
1.490000e-01  1.485409e+00  1.598531e+00  -1.131215e-01 
1.500000e-01  1.520144e+00  1.622726e+00  -1.025821e-01 
1.510000e-01  1.553745e+00  1.662290e+00  -1.085448e-01 
1.520000e-01  1.612168e+00  1.707137e+00  -9.496871e-02 
1.530000e-01  1.537291e+00  1.631673e+00  -9.438255e-02 
1.540000e-01  1.494569e+00  1.571854e+00  -7.728480e-02 
1.550000e-01  1.492489e+00  1.563320e+00  -7.083113e-02 
1.560000e-01  1.465326e+00  1.526259e+00  -6.093264e-02 
1.570000e-01  1.461854e+00  1.507285e+00  -4.543033e-02 
1.580000e-01  1.496276e+00  1.532253e+00  -3.597698e-02 
1.590000e-01  1.478022e+00  1.508278e+00  -3.025627e-02 
1.600000e-01  1.528208e+00  1.570551e+00  -4.234337e-02 
1.610000e-01  1.580231e+00  1.614214e+00  -3.398331e-02 
1.620000e-01  1.549885e+00  1.599638e+00  -4.975313e-02 
1.630000e-01  1.527897e+00  1.575325e+00  -4.742801e-02 
1.640000e-01  1.575483e+00  1.626123e+00  -5.064038e-02 
1.650000e-01  1.569844e+00  1.622149e+00  -5.230561e-02 
1.660000e-01  1.567881e+00  1.608046e+00  -4.016532e-02 
1.670000e-01  1.598384e+00  1.660898e+00  -6.251375e-02 
1.680000e-01  1.578819e+00  1.637131e+00  -5.831250e-02 
1.690000e-01  1.566314e+00  1.614826e+00  -4.851194e-02 
1.700000e-01  1.581940e+00  1.613359e+00  -3.141891e-02 
1.710000e-01  1.577865e+00  1.576443e+00  1.422379e-03 
1.720000e-01  1.549845e+00  1.540924e+00  8.920954e-03 
1.730000e-01  1.541213e+00  1.520075e+00  2.113757e-02 
1.740000e-01  1.505373e+00  1.492710e+00  1.266258e-02 
1.750000e-01  1.480810e+00  1.475324e+00  5.485806e-03 
1.760000e-01  1.484911e+00  1.464959e+00  1.995175e-02 
1.770000e-01  1.503309e+00  1.472613e+00  3.069577e-02 
1.780000e-01  1.539272e+00  1.513367e+00  2.590518e-02 
1.790000e-01  1.536223e+00  1.493073e+00  4.315079e-02 
1.800000e-01  1.501893e+00  1.479293e+00  2.259972e-02 
1.810000e-01  1.524726e+00  1.477653e+00  4.707280e-02 
1.820000e-01  1.517517e+00  1.447229e+00  7.028791e-02 
1.830000e-01  1.579064e+00  1.453058e+00  1.260062e-01 
1.840000e-01  1.604120e+00  1.476812e+00  1.273081e-01 
1.850000e-01  1.592381e+00  1.456133e+00  1.362479e-01 
1.860000e-01  1.606889e+00  1.477381e+00  1.295082e-01 
1.870000e-01  1.601908e+00  1.466534e+00  1.353742e-01 
1.880000e-01  1.602138e+00  1.497441e+00  1.046970e-01 
1.890000e-01  1.556270e+00  1.462761e+00  9.350912e-02 
1.900000e-01  1.533479e+00  1.443068e+00  9.041107e-02 
1.910000e-01  1.592726e+00  1.492962e+00  9.976467e-02 
1.920000e-01  1.562848e+00  1.441895e+00  1.209529e-01 
1.930000e-01  1.573437e+00  1.432294e+00  1.411430e-01 
1.940000e-01  1.530973e+00  1.362170e+00  1.688035e-01 
1.950000e-01  1.458650e+00  1.300733e+00  1.579164e-01 
1.960000e-01  1.463364e+00  1.298354e+00  1.650100e-01 
1.970000e-01  1.425155e+00  1.268455e+00  1.566997e-01 
1.980000e-01  1.434420e+00  1.267676e+00  1.667442e-01 
1.990000e-01  1.389442e+00  1.223518e+00  1.659240e-01 
2.000000e-01  1.411288e+00  1.280867e+00  1.304207e-01 
2.010000e-01  1.380508e+00  1.268873e+00  1.116349e-01 
2.020000e-01  1.407825e+00  1.325950e+00  8.187444e-02 
2.030000e-01  1.433415e+00  1.359525e+00  7.389050e-02 
2.040000e-01  1.425257e+00  1.329034e+00  9.622355e-02 
2.050000e-01  1.395972e+00  1.315735e+00  8.023736e-02 
2.060000e-01  1.322386e+00  1.233010e+00  8.937629e-02 
2.070000e-01  1.325985e+00  1.237758e+00  8.822670e-02 
2.080000e-01  1.347038e+00  1.288301e+00  5.873649e-02 
2.090000e-01  1.287795e+00  1.218936e+00  6.885851e-02 
2.100000e-01  1.321136e+00  1.283601e+00  3.753480e-02 
2.110000e-01  1.329402e+00  1.274949e+00  5.445272e-02 
2.120000e-01  1.299988e+00  1.241596e+00  5.839179e-02 
2.130000e-01  1.287994e+00  1.213603e+00  7.439040e-02 
2.140000e-01  1.320602e+00  1.242446e+00  7.815607e-02 
2.150000e-01  1.342636e+00  1.237234e+00  1.054018e-01 
2.160000e-01  1.353649e+00  1.245488e+00  1.081609e-01 
2.170000e-01  1.404113e+00  1.302264e+00  1.018493e-01 
2.180000e-01  1.376590e+00  1.275175e+00  1.014154e-01 
2.190000e-01  1.422263e+00  1.322889e+00  9.937348e-02 
2.200000e-01  1.463532e+00  1.370782e+00  9.275041e-02 
2.210000e-01  1.435327e+00  1.344448e+00  9.087933e-02 
2.220000e-01  1.473148e+00  1.384432e+00  8.871564e-02 
2.230000e-01  1.495862e+00  1.428772e+00  6.708948e-02 
2.240000e-01  1.499652e+00  1.427544e+00  7.210777e-02 
2.250000e-01  1.494770e+00  1.418555e+00  7.621503e-02 
2.260000e-01  1.474819e+00  1.397619e+00  7.720016e-02 
2.270000e-01  1.476021e+00  1.402669e+00  7.335156e-02 
2.280000e-01  1.470358e+00  1.407598e+00  6.275933e-02 
2.290000e-01  1.452278e+00  1.402726e+00  4.955257e-02 
2.300000e-01  1.449763e+00  1.395264e+00  5.449905e-02 
2.310000e-01  1.518341e+00  1.467028e+00  5.131293e-02 
2.320000e-01  1.522905e+00  1.471018e+00  5.188760e-02 
2.330000e-01  1.536875e+00  1.489045e+00  4.783008e-02 
2.340000e-01  1.557290e+00  1.477938e+00  7.935212e-02 
2.350000e-01  1.541648e+00  1.476199e+00  6.544927e-02 
2.360000e-01  1.559538e+00  1.470104e+00  8.943365e-02 
2.370000e-01  1.560214e+00  1.458830e+00  1.013839e-01 
2.380000e-01  1.592301e+00  1.481980e+00  1.103211e-01 
2.390000e-01  1.618854e+00  1.530197e+00  8.865672e-02 
2.400000e-01  1.573988e+00  1.489339e+00  8.464851e-02 
2.410000e-01  1.594716e+00  1.514299e+00  8.041632e-02 
2.420000e-01  1.607759e+00  1.516064e+00  9.169539e-02 
2.430000e-01  1.610906e+00  1.512996e+00  9.791066e-02 
2.440000e-01  1.620491e+00  1.527761e+00  9.272967e-02 
2.450000e-01  1.611621e+00  1.528811e+00  8.280976e-02 
2.460000e-01  1.639321e+00  1.551921e+00  8.739987e-02 
2.470000e-01  1.653500e+00  1.580729e+00  7.277138e-02 
2.480000e-01  1.666908e+00  1.597616e+00  6.929238e-02 
2.490000e-01  1.704593e+00  1.625612e+00  7.898044e-02 
2.500000e-01  1.694341e+00  1.600966e+00  9.337548e-02 
2.510000e-01  1.668878e+00  1.582928e+00  8.595019e-02 
2.520000e-01  1.618677e+00  1.546600e+00  7.207650e-02 
2.530000e-01  1.620848e+00  1.550851e+00  6.999674e-02 
2.540000e-01  1.630320e+00  1.558823e+00  7.149731e-02 
2.550000e-01  1.658305e+00  1.574761e+00  8.354443e-02 
2.560000e-01  1.618705e+00  1.551600e+00  6.710471e-02 
2.570000e-01  1.603633e+00  1.518186e+00  8.544617e-02 
2.580000e-01  1.613076e+00  1.517248e+00  9.582835e-02 
2.590000e-01  1.625695e+00  1.532621e+00  9.307447e-02 
2.600000e-01  1.628996e+00  1.522388e+00  1.066082e-01 
2.610000e-01  1.642743e+00  1.525858e+00  1.168850e-01 
2.620000e-01  1.635839e+00  1.487812e+00  1.480277e-01 
2.630000e-01  1.594932e+00  1.447349e+00  1.475835e-01 
2.640000e-01  1.634178e+00  1.467034e+00  1.671441e-01 
2.650000e-01  1.644038e+00  1.473198e+00  1.708397e-01 
2.660000e-01  1.574099e+00  1.389378e+00  1.847206e-01 
2.670000e-01  1.536737e+00  1.365003e+00  1.717335e-01 
2.680000e-01  1.557361e+00  1.409726e+00  1.476348e-01 
2.690000e-01  1.547229e+00  1.396432e+00  1.507968e-01 
2.700000e-01  1.554781e+00  1.405629e+00  1.491521e-01 
2.710000e-01  1.534164e+00  1.363436e+00  1.707282e-01 
2.720000e-01  1.535788e+00  1.368892e+00  1.668959e-01 
2.730000e-01  1.520408e+00  1.347268e+00  1.731405e-01 
2.740000e-01  1.548201e+00  1.350712e+00  1.974894e-01 
2.750000e-01  1.609703e+00  1.430779e+00  1.789240e-01 
2.760000e-01  1.565334e+00  1.422314e+00  1.430204e-01 
2.770000e-01  1.580328e+00  1.452107e+00  1.282211e-01 
2.780000e-01  1.550606e+00  1.439194e+00  1.114120e-01 
2.790000e-01  1.547030e+00  1.438053e+00  1.089777e-01 
2.800000e-01  1.487215e+00  1.368131e+00  1.190840e-01 
2.810000e-01  1.493292e+00  1.354818e+00  1.384743e-01 
2.820000e-01  1.466015e+00  1.328737e+00  1.372784e-01 
2.830000e-01  1.461750e+00  1.343540e+00  1.182101e-01 
2.840000e-01  1.489035e+00  1.369078e+00  1.199575e-01 
2.850000e-01  1.495855e+00  1.362369e+00  1.334866e-01 
2.860000e-01  1.525336e+00  1.403087e+00  1.222484e-01 
2.870000e-01  1.516817e+00  1.388799e+00  1.280180e-01 
2.880000e-01  1.503491e+00  1.390317e+00  1.131741e-01 
2.890000e-01  1.519300e+00  1.431963e+00  8.733712e-02 
2.900000e-01  1.479333e+00  1.420044e+00  5.928850e-02 
2.910000e-01  1.446757e+00  1.371782e+00  7.497570e-02 
2.920000e-01  1.454130e+00  1.373574e+00  8.055536e-02 
2.930000e-01  1.498965e+00  1.422356e+00  7.660876e-02 
2.940000e-01  1.470007e+00  1.399520e+00  7.048700e-02 
2.950000e-01  1.453273e+00  1.385132e+00  6.814175e-02 
2.960000e-01  1.455866e+00  1.397761e+00  5.810427e-02 
2.970000e-01  1.451492e+00  1.383119e+00  6.837246e-02 
2.980000e-01  1.478639e+00  1.410258e+00  6.838164e-02 
2.990000e-01  1.536934e+00  1.463044e+00  7.389037e-02 
3.000000e-01  1.516552e+00  1.428115e+00  8.843698e-02 
3.010000e-01  1.550532e+00  1.438839e+00  1.116931e-01 
3.020000e-01  1.567352e+00  1.448097e+00  1.192553e-01 
3.030000e-01  1.598697e+00  1.472079e+00  1.266178e-01 
3.040000e-01  1.644041e+00  1.522635e+00  1.214052e-01 
3.050000e-01  1.676099e+00  1.547107e+00  1.289917e-01 
3.060000e-01  1.695525e+00  1.567461e+00  1.280643e-01 
3.070000e-01  1.741895e+00  1.610664e+00  1.312308e-01 
3.080000e-01  1.700514e+00  1.571354e+00  1.291605e-01 
3.090000e-01  1.676989e+00  1.578913e+00  9.807623e-02 
3.100000e-01  1.632881e+00  1.532836e+00  1.000450e-01 
3.110000e-01  1.675872e+00  1.580780e+00  9.509268e-02 
3.120000e-01  1.728648e+00  1.644037e+00  8.461056e-02 
3.130000e-01  1.755743e+00  1.666461e+00  8.928159e-02 
3.140000e-01  1.702936e+00  1.644951e+00  5.798526e-02 
3.150000e-01  1.697623e+00  1.647681e+00  4.994141e-02 
3.160000e-01  1.683261e+00  1.640156e+00  4.310521e-02 
3.170000e-01  1.719067e+00  1.641063e+00  7.800437e-02 
3.180000e-01  1.708887e+00  1.661076e+00  4.781170e-02 
3.190000e-01  1.702857e+00  1.654269e+00  4.858836e-02 
3.200000e-01  1.724566e+00  1.690273e+00  3.429229e-02 
3.210000e-01  1.722828e+00  1.705619e+00  1.720950e-02 
3.220000e-01  1.713784e+00  1.706496e+00  7.287286e-03 
3.230000e-01  1.688626e+00  1.680443e+00  8.183349e-03 
3.240000e-01  1.659929e+00  1.657002e+00  2.927460e-03 
3.250000e-01  1.658067e+00  1.636752e+00  2.131562e-02 
3.260000e-01  1.662796e+00  1.635427e+00  2.736915e-02 
3.270000e-01  1.692091e+00  1.661985e+00  3.010629e-02 
3.280000e-01  1.670613e+00  1.647584e+00  2.302918e-02 
3.290000e-01  1.637491e+00  1.618955e+00  1.853672e-02 
3.300000e-01  1.643303e+00  1.614235e+00  2.906788e-02 
3.310000e-01  1.603655e+00  1.548322e+00  5.533340e-02 
3.320000e-01  1.638921e+00  1.586376e+00  5.254507e-02 
3.330000e-01  1.695289e+00  1.637513e+00  5.777555e-02 
3.340000e-01  1.710031e+00  1.642323e+00  6.770828e-02 
3.350000e-01  1.702663e+00  1.642540e+00  6.012311e-02 
3.360000e-01  1.719389e+00  1.658743e+00  6.064589e-02 
3.370000e-01  1.721582e+00  1.677097e+00  4.448551e-02 
3.380000e-01  1.721375e+00  1.684984e+00  3.639111e-02 
3.390000e-01  1.745429e+00  1.717340e+00  2.808938e-02 
3.400000e-01  1.717074e+00  1.692621e+00  2.445271e-02 
3.410000e-01  1.733278e+00  1.723619e+00  9.659593e-03 
3.420000e-01  1.732791e+00  1.699015e+00  3.377543e-02 
3.430000e-01  1.759307e+00  1.715760e+00  4.354723e-02 
3.440000e-01  1.753545e+00  1.712358e+00  4.118697e-02 
3.450000e-01  1.729981e+00  1.666952e+00  6.302939e-02 
3.460000e-01  1.741676e+00  1.696866e+00  4.481046e-02 
3.470000e-01  1.734275e+00  1.709780e+00  2.449504e-02 
3.480000e-01  1.758695e+00  1.704866e+00  5.382870e-02 
3.490000e-01  1.777022e+00  1.728486e+00  4.853583e-02 
3.500000e-01  1.779752e+00  1.723132e+00  5.661973e-02 
3.510000e-01  1.756782e+00  1.716992e+00  3.978945e-02 
3.520000e-01  1.755682e+00  1.704735e+00  5.094769e-02 
3.530000e-01  1.728583e+00  1.689989e+00  3.859369e-02 
3.540000e-01  1.794283e+00  1.761023e+00  3.326020e-02 
3.550000e-01  1.803108e+00  1.742598e+00  6.050990e-02 
3.560000e-01  1.786815e+00  1.705499e+00  8.131667e-02 
3.570000e-01  1.773558e+00  1.701570e+00  7.198825e-02 
3.580000e-01  1.770395e+00  1.695454e+00  7.494054e-02 
3.590000e-01  1.802426e+00  1.753708e+00  4.871752e-02 
3.600000e-01  1.814492e+00  1.800279e+00  1.421269e-02 
3.610000e-01  1.849668e+00  1.835171e+00  1.449708e-02 
3.620000e-01  1.818405e+00  1.812687e+00  5.718340e-03 
3.630000e-01  1.824377e+00  1.798220e+00  2.615663e-02 
3.640000e-01  1.791587e+00  1.764390e+00  2.719651e-02 
3.650000e-01  1.810271e+00  1.814283e+00  -4.012093e-03 
3.660000e-01  1.771913e+00  1.748196e+00  2.371701e-02 
3.670000e-01  1.802302e+00  1.767403e+00  3.489929e-02 
3.680000e-01  1.864518e+00  1.840609e+00  2.390910e-02 
3.690000e-01  1.851943e+00  1.822334e+00  2.960979e-02 
3.700000e-01  1.911394e+00  1.895454e+00  1.594050e-02 
3.710000e-01  1.892303e+00  1.853819e+00  3.848400e-02 
3.720000e-01  1.864941e+00  1.832247e+00  3.269351e-02 
3.730000e-01  1.877411e+00  1.762139e+00  1.152723e-01 
3.740000e-01  1.840898e+00  1.740771e+00  1.001265e-01 
3.750000e-01  1.786623e+00  1.699412e+00  8.721084e-02 
3.760000e-01  1.792603e+00  1.737547e+00  5.505567e-02 
3.770000e-01  1.787661e+00  1.762296e+00  2.536500e-02 
3.780000e-01  1.799986e+00  1.761908e+00  3.807819e-02 
3.790000e-01  1.826707e+00  1.798522e+00  2.818444e-02 
3.800000e-01  1.859335e+00  1.853014e+00  6.321423e-03 
3.810000e-01  1.876421e+00  1.900835e+00  -2.441399e-02 
3.820000e-01  1.911924e+00  1.967604e+00  -5.568000e-02 
3.830000e-01  1.921102e+00  1.964175e+00  -4.307285e-02 
3.840000e-01  1.922243e+00  1.944966e+00  -2.272263e-02 
3.850000e-01  1.916344e+00  1.967030e+00  -5.068645e-02 
3.860000e-01  1.913168e+00  1.976609e+00  -6.344152e-02 
3.870000e-01  1.959788e+00  2.018847e+00  -5.905901e-02 
3.880000e-01  1.920395e+00  2.000006e+00  -7.961135e-02 
3.890000e-01  1.917351e+00  1.967836e+00  -5.048476e-02 
3.900000e-01  1.928979e+00  1.946966e+00  -1.798769e-02 
3.910000e-01  1.950575e+00  1.949638e+00  9.368174e-04 
3.920000e-01  1.919234e+00  1.923669e+00  -4.435151e-03 
3.930000e-01  1.925314e+00  1.923684e+00  1.629988e-03 
3.940000e-01  1.924221e+00  1.913069e+00  1.115190e-02 
3.950000e-01  1.949638e+00  1.927624e+00  2.201466e-02 
3.960000e-01  1.968488e+00  1.932840e+00  3.564811e-02 
3.970000e-01  1.999971e+00  1.945654e+00  5.431676e-02 
3.980000e-01  1.986773e+00  1.952557e+00  3.421685e-02 
3.990000e-01  1.948491e+00  1.914239e+00  3.425266e-02 
4.000000e-01  1.947811e+00  1.915145e+00  3.266637e-02 
4.010000e-01  1.937032e+00  1.908453e+00  2.857822e-02 
4.020000e-01  1.905939e+00  1.894931e+00  1.100808e-02 
4.030000e-01  1.918554e+00  1.920661e+00  -2.106733e-03 
4.040000e-01  1.921824e+00  1.913820e+00  8.004491e-03 
4.050000e-01  1.912741e+00  1.882195e+00  3.054661e-02 
4.060000e-01  1.920954e+00  1.909734e+00  1.121998e-02 
4.070000e-01  1.913638e+00  1.890308e+00  2.332929e-02 
4.080000e-01  1.893357e+00  1.866012e+00  2.734448e-02 
4.090000e-01  1.903409e+00  1.907688e+00  -4.278947e-03 
4.100000e-01  1.892782e+00  1.901886e+00  -9.104083e-03 
4.110000e-01  1.946121e+00  1.972897e+00  -2.677613e-02 
4.120000e-01  1.952712e+00  1.981356e+00  -2.864440e-02 
4.130000e-01  1.935892e+00  1.987554e+00  -5.166154e-02 
4.140000e-01  1.971891e+00  2.021294e+00  -4.940267e-02 
4.150000e-01  1.973248e+00  2.010675e+00  -3.742687e-02 
4.160000e-01  1.918477e+00  1.930312e+00  -1.183566e-02 
4.170000e-01  1.935910e+00  1.967259e+00  -3.134887e-02 
4.180000e-01  1.945452e+00  1.978675e+00  -3.322338e-02 
4.190000e-01  1.941335e+00  1.955925e+00  -1.458981e-02 
4.200000e-01  1.962864e+00  1.961182e+00  1.682158e-03 
4.210000e-01  1.980701e+00  1.988824e+00  -8.122966e-03 
4.220000e-01  1.962847e+00  1.976701e+00  -1.385420e-02 
4.230000e-01  1.987700e+00  1.974271e+00  1.342938e-02 
4.240000e-01  2.004027e+00  2.000509e+00  3.518162e-03 
4.250000e-01  1.950967e+00  1.967432e+00  -1.646491e-02 
4.260000e-01  1.967831e+00  1.980270e+00  -1.243908e-02 
4.270000e-01  1.956948e+00  1.941520e+00  1.542820e-02 
4.280000e-01  1.958289e+00  1.976122e+00  -1.783280e-02 
4.290000e-01  1.939778e+00  1.956831e+00  -1.705213e-02 
4.300000e-01  1.932893e+00  1.963622e+00  -3.072928e-02 
4.310000e-01  1.930087e+00  1.921302e+00  8.785247e-03 
4.320000e-01  1.909746e+00  1.889194e+00  2.055240e-02 
4.330000e-01  1.846983e+00  1.836285e+00  1.069835e-02 
4.340000e-01  1.838194e+00  1.855286e+00  -1.709174e-02 
4.350000e-01  1.831653e+00  1.893820e+00  -6.216751e-02 
4.360000e-01  1.860015e+00  1.914903e+00  -5.488849e-02 
4.370000e-01  1.824229e+00  1.872363e+00  -4.813459e-02 
4.380000e-01  1.831235e+00  1.905236e+00  -7.400091e-02 
4.390000e-01  1.836042e+00  1.894337e+00  -5.829512e-02 
4.400000e-01  1.857482e+00  1.922036e+00  -6.455397e-02 
4.410000e-01  1.834663e+00  1.887269e+00  -5.260615e-02 
4.420000e-01  1.855221e+00  1.900949e+00  -4.572869e-02 
4.430000e-01  1.887898e+00  1.954896e+00  -6.699869e-02 
4.440000e-01  1.903083e+00  1.974547e+00  -7.146317e-02 
4.450000e-01  1.912924e+00  1.990862e+00  -7.793788e-02 
4.460000e-01  1.883180e+00  1.914618e+00  -3.143796e-02 
4.470000e-01  1.884181e+00  1.930608e+00  -4.642723e-02 
4.480000e-01  1.923242e+00  1.965985e+00  -4.274282e-02 
4.490000e-01  1.910206e+00  1.944591e+00  -3.438495e-02 
4.500000e-01  1.914762e+00  1.921931e+00  -7.168928e-03 
4.510000e-01  1.866814e+00  1.856260e+00  1.055395e-02 
4.520000e-01  1.905586e+00  1.897957e+00  7.629335e-03 
4.530000e-01  1.915139e+00  1.875974e+00  3.916439e-02 
4.540000e-01  1.940472e+00  1.907283e+00  3.318896e-02 
4.550000e-01  1.983454e+00  1.956057e+00  2.739761e-02 
4.560000e-01  2.029631e+00  2.006853e+00  2.277747e-02 
4.570000e-01  2.022842e+00  1.997176e+00  2.566616e-02 
4.580000e-01  1.988848e+00  1.964888e+00  2.396088e-02 
4.590000e-01  1.981373e+00  1.958982e+00  2.239067e-02 
4.600000e-01  1.990900e+00  1.964999e+00  2.590084e-02 
4.610000e-01  1.974765e+00  1.954403e+00  2.036205e-02 
4.620000e-01  1.977897e+00  1.982071e+00  -4.173518e-03 
4.630000e-01  1.943280e+00  1.935080e+00  8.199840e-03 
4.640000e-01  1.899298e+00  1.904763e+00  -5.465185e-03 
4.650000e-01  1.905782e+00  1.876795e+00  2.898662e-02 
4.660000e-01  1.832884e+00  1.807847e+00  2.503690e-02 
4.670000e-01  1.867302e+00  1.831325e+00  3.597700e-02 
4.680000e-01  1.902481e+00  1.843085e+00  5.939619e-02 
4.690000e-01  1.912732e+00  1.864350e+00  4.838164e-02 
4.700000e-01  1.922138e+00  1.867536e+00  5.460196e-02 
4.710000e-01  1.946898e+00  1.870596e+00  7.630191e-02 
4.720000e-01  1.942036e+00  1.890588e+00  5.144770e-02 
4.730000e-01  2.022578e+00  2.000961e+00  2.161715e-02 
4.740000e-01  2.018269e+00  1.972627e+00  4.564200e-02 
4.750000e-01  2.061449e+00  2.037568e+00  2.388132e-02 
4.760000e-01  2.078717e+00  2.062308e+00  1.640885e-02 
4.770000e-01  2.070458e+00  2.040590e+00  2.986786e-02 
4.780000e-01  2.087540e+00  2.063448e+00  2.409239e-02 
4.790000e-01  2.081574e+00  2.067444e+00  1.413028e-02 
4.800000e-01  2.084374e+00  2.071742e+00  1.263288e-02 
4.810000e-01  2.047259e+00  2.027554e+00  1.970512e-02 
4.820000e-01  2.065632e+00  2.023303e+00  4.232978e-02 
4.830000e-01  2.044040e+00  2.023005e+00  2.103482e-02 
4.840000e-01  2.034855e+00  1.998708e+00  3.614722e-02 
4.850000e-01  2.053096e+00  2.011557e+00  4.153940e-02 
4.860000e-01  2.110645e+00  2.078060e+00  3.258525e-02 
4.870000e-01  2.124337e+00  2.083611e+00  4.072590e-02 
4.880000e-01  2.110936e+00  2.045041e+00  6.589534e-02 
4.890000e-01  2.092283e+00  2.019273e+00  7.301028e-02 
4.900000e-01  2.110496e+00  2.032012e+00  7.848493e-02 
4.910000e-01  2.060455e+00  1.962744e+00  9.771013e-02 
4.920000e-01  2.038849e+00  1.954363e+00  8.448647e-02 
4.930000e-01  2.043092e+00  1.968101e+00  7.499091e-02 
4.940000e-01  2.037964e+00  1.965602e+00  7.236179e-02 
4.950000e-01  2.030498e+00  1.952806e+00  7.769182e-02 
4.960000e-01  2.032331e+00  1.986065e+00  4.626583e-02 
4.970000e-01  2.069775e+00  2.024571e+00  4.520358e-02 
4.980000e-01  2.067096e+00  2.011894e+00  5.520249e-02 
4.990000e-01  2.078933e+00  2.002674e+00  7.625959e-02 
5.000000e-01  2.061583e+00  1.993828e+00  6.775502e-02 
5.010000e-01  2.048599e+00  2.002019e+00  4.657919e-02 
5.020000e-01  2.033600e+00  2.002080e+00  3.151938e-02 
5.030000e-01  2.074959e+00  2.042435e+00  3.252395e-02 
5.040000e-01  2.075994e+00  2.081453e+00  -5.458848e-03 
5.050000e-01  2.097496e+00  2.070563e+00  2.693255e-02 
5.060000e-01  2.102159e+00  2.087176e+00  1.498283e-02 
5.070000e-01  2.118892e+00  2.086339e+00  3.255321e-02 
5.080000e-01  2.134031e+00  2.104032e+00  2.999831e-02 
5.090000e-01  2.150373e+00  2.141285e+00  9.088879e-03 
5.100000e-01  2.121009e+00  2.090292e+00  3.071642e-02 
5.110000e-01  2.125409e+00  2.096527e+00  2.888166e-02 
5.120000e-01  2.110357e+00  2.069884e+00  4.047218e-02 
5.130000e-01  2.093150e+00  2.039552e+00  5.359832e-02 
5.140000e-01  2.102926e+00  2.038521e+00  6.440465e-02 
5.150000e-01  2.109361e+00  2.050076e+00  5.928467e-02 
5.160000e-01  2.094060e+00  2.028456e+00  6.560340e-02 
5.170000e-01  2.098043e+00  2.049436e+00  4.860729e-02 
5.180000e-01  2.118771e+00  2.077143e+00  4.162845e-02 
5.190000e-01  2.144503e+00  2.102937e+00  4.156565e-02 
5.200000e-01  2.136052e+00  2.070338e+00  6.571326e-02 
5.210000e-01  2.112155e+00  2.019781e+00  9.237415e-02 
5.220000e-01  2.101386e+00  1.977398e+00  1.239885e-01 
5.230000e-01  2.120517e+00  1.991258e+00  1.292587e-01 
5.240000e-01  2.119403e+00  1.990977e+00  1.284259e-01 
5.250000e-01  2.127120e+00  2.002926e+00  1.241938e-01 
5.260000e-01  2.110979e+00  1.978931e+00  1.320482e-01 
5.270000e-01  2.115883e+00  1.986260e+00  1.296227e-01 
5.280000e-01  2.116400e+00  2.004090e+00  1.123109e-01 
5.290000e-01  2.115009e+00  2.019528e+00  9.548134e-02 
5.300000e-01  2.095336e+00  2.001888e+00  9.344846e-02 
5.310000e-01  2.101043e+00  2.016278e+00  8.476496e-02 
5.320000e-01  2.093931e+00  2.012340e+00  8.159139e-02 
5.330000e-01  2.099354e+00  1.982019e+00  1.173345e-01 
5.340000e-01  2.080487e+00  1.955902e+00  1.245854e-01 
5.350000e-01  2.132731e+00  2.009799e+00  1.229320e-01 
5.360000e-01  2.148702e+00  2.056555e+00  9.214680e-02 
5.370000e-01  2.132592e+00  2.048378e+00  8.421424e-02 
5.380000e-01  2.160862e+00  2.071807e+00  8.905529e-02 
5.390000e-01  2.148666e+00  2.034693e+00  1.139723e-01 
5.400000e-01  2.142207e+00  2.050834e+00  9.137336e-02 
5.410000e-01  2.138312e+00  2.105395e+00  3.291666e-02 
5.420000e-01  2.152269e+00  2.070021e+00  8.224818e-02 
5.430000e-01  2.184416e+00  2.139336e+00  4.507917e-02 
5.440000e-01  2.199793e+00  2.180067e+00  1.972637e-02 
5.450000e-01  2.219086e+00  2.214577e+00  4.508872e-03 
5.460000e-01  2.237225e+00  2.267364e+00  -3.013919e-02 
5.470000e-01  2.246775e+00  2.227945e+00  1.882968e-02 
5.480000e-01  2.262414e+00  2.226897e+00  3.551628e-02 
5.490000e-01  2.245899e+00  2.205011e+00  4.088883e-02 
5.500000e-01  2.239414e+00  2.153637e+00  8.577707e-02 
5.510000e-01  2.253016e+00  2.127085e+00  1.259312e-01 
5.520000e-01  2.246354e+00  2.122028e+00  1.243260e-01 
5.530000e-01  2.209537e+00  2.128106e+00  8.143121e-02 
5.540000e-01  2.213231e+00  2.134435e+00  7.879645e-02 
5.550000e-01  2.227847e+00  2.144651e+00  8.319608e-02 
5.560000e-01  2.255230e+00  2.189600e+00  6.562953e-02 
5.570000e-01  2.253998e+00  2.178462e+00  7.553620e-02 
5.580000e-01  2.235139e+00  2.146313e+00  8.882668e-02 
5.590000e-01  2.234860e+00  2.122503e+00  1.123575e-01 
5.600000e-01  2.168210e+00  2.051037e+00  1.171726e-01 
5.610000e-01  2.126804e+00  2.017951e+00  1.088532e-01 
5.620000e-01  2.146438e+00  2.042169e+00  1.042694e-01 
5.630000e-01  2.144780e+00  2.050763e+00  9.401700e-02 
5.640000e-01  2.151248e+00  2.060482e+00  9.076590e-02 
5.650000e-01  2.134136e+00  2.052610e+00  8.152582e-02 
5.660000e-01  2.136824e+00  1.994905e+00  1.419191e-01 
5.670000e-01  2.152120e+00  2.016331e+00  1.357883e-01 
5.680000e-01  2.158526e+00  2.018261e+00  1.402652e-01 
5.690000e-01  2.179729e+00  2.011602e+00  1.681270e-01 
5.700000e-01  2.187652e+00  2.007388e+00  1.802642e-01 
5.710000e-01  2.210366e+00  1.997265e+00  2.131012e-01 
5.720000e-01  2.237495e+00  2.050688e+00  1.868076e-01 
5.730000e-01  2.258190e+00  2.077505e+00  1.806846e-01 
5.740000e-01  2.245026e+00  2.080537e+00  1.644885e-01 
5.750000e-01  2.270446e+00  2.096119e+00  1.743278e-01 
5.760000e-01  2.287409e+00  2.108224e+00  1.791857e-01 
5.770000e-01  2.254188e+00  2.092056e+00  1.621320e-01 
5.780000e-01  2.244328e+00  2.102299e+00  1.420292e-01 
5.790000e-01  2.236045e+00  2.075394e+00  1.606510e-01 
5.800000e-01  2.206762e+00  2.027296e+00  1.794666e-01 
5.810000e-01  2.201724e+00  1.987651e+00  2.140727e-01 
5.820000e-01  2.189066e+00  1.943963e+00  2.451034e-01 
5.830000e-01  2.193307e+00  1.953811e+00  2.394965e-01 
5.840000e-01  2.213362e+00  1.961669e+00  2.516927e-01 
5.850000e-01  2.180947e+00  1.886669e+00  2.942779e-01 
5.860000e-01  2.222735e+00  1.953148e+00  2.695863e-01 
5.870000e-01  2.205506e+00  1.947199e+00  2.583068e-01 
5.880000e-01  2.177576e+00  1.924444e+00  2.531318e-01 
5.890000e-01  2.190967e+00  1.966980e+00  2.239864e-01 
5.900000e-01  2.179173e+00  1.953910e+00  2.252633e-01 
5.910000e-01  2.197503e+00  1.968570e+00  2.289331e-01 
5.920000e-01  2.205156e+00  1.997142e+00  2.080145e-01 
5.930000e-01  2.244273e+00  2.037085e+00  2.071877e-01 
5.940000e-01  2.224032e+00  2.018915e+00  2.051172e-01 
5.950000e-01  2.252236e+00  2.035210e+00  2.170265e-01 
5.960000e-01  2.230564e+00  2.014575e+00  2.159889e-01 
5.970000e-01  2.239620e+00  2.037542e+00  2.020788e-01 
5.980000e-01  2.216114e+00  1.980723e+00  2.353904e-01 
5.990000e-01  2.227577e+00  2.012309e+00  2.152678e-01 
6.000000e-01  2.236414e+00  2.000817e+00  2.355974e-01 
6.010000e-01  2.194536e+00  1.946982e+00  2.475541e-01 
6.020000e-01  2.189112e+00  1.940740e+00  2.483713e-01 
6.030000e-01  2.218755e+00  1.949600e+00  2.691543e-01 
6.040000e-01  2.242623e+00  1.972120e+00  2.705032e-01 
6.050000e-01  2.262087e+00  2.040517e+00  2.215705e-01 
6.060000e-01  2.252497e+00  2.027721e+00  2.247760e-01 
6.070000e-01  2.241589e+00  2.033379e+00  2.082092e-01 
6.080000e-01  2.252291e+00  2.044526e+00  2.077655e-01 
6.090000e-01  2.276377e+00  2.041530e+00  2.348475e-01 
6.100000e-01  2.260531e+00  2.034233e+00  2.262973e-01 
6.110000e-01  2.247260e+00  2.031855e+00  2.154048e-01 
6.120000e-01  2.270462e+00  2.067397e+00  2.030648e-01 
6.130000e-01  2.300894e+00  2.122037e+00  1.788565e-01 
6.140000e-01  2.321796e+00  2.126384e+00  1.954122e-01 
6.150000e-01  2.310614e+00  2.106112e+00  2.045027e-01 
6.160000e-01  2.317077e+00  2.130210e+00  1.868672e-01 
6.170000e-01  2.302947e+00  2.090216e+00  2.127305e-01 
6.180000e-01  2.282329e+00  2.066438e+00  2.158917e-01 
6.190000e-01  2.281250e+00  2.084030e+00  1.972199e-01 
6.200000e-01  2.273413e+00  2.092005e+00  1.814080e-01 
6.210000e-01  2.274551e+00  2.111006e+00  1.635450e-01 
6.220000e-01  2.269826e+00  2.130232e+00  1.395940e-01 
6.230000e-01  2.293282e+00  2.158067e+00  1.352144e-01 
6.240000e-01  2.306437e+00  2.185801e+00  1.206360e-01 
6.250000e-01  2.298655e+00  2.182890e+00  1.157645e-01 
6.260000e-01  2.337298e+00  2.216408e+00  1.208895e-01 
6.270000e-01  2.365209e+00  2.248347e+00  1.168618e-01 
6.280000e-01  2.359675e+00  2.209858e+00  1.498167e-01 
6.290000e-01  2.364120e+00  2.218052e+00  1.460677e-01 
6.300000e-01  2.379255e+00  2.199269e+00  1.799854e-01 
6.310000e-01  2.385342e+00  2.198560e+00  1.867820e-01 
6.320000e-01  2.379272e+00  2.192940e+00  1.863322e-01 
6.330000e-01  2.378976e+00  2.220693e+00  1.582832e-01 
6.340000e-01  2.384285e+00  2.236005e+00  1.482807e-01 
6.350000e-01  2.367092e+00  2.234827e+00  1.322654e-01 
6.360000e-01  2.391667e+00  2.223992e+00  1.676750e-01 
6.370000e-01  2.383841e+00  2.153785e+00  2.300561e-01 
6.380000e-01  2.386713e+00  2.130711e+00  2.560019e-01 
6.390000e-01  2.361939e+00  2.090000e+00  2.719383e-01 
6.400000e-01  2.377338e+00  2.101035e+00  2.763032e-01 
6.410000e-01  2.358108e+00  2.085257e+00  2.728516e-01 
6.420000e-01  2.308710e+00  2.014078e+00  2.946319e-01 
6.430000e-01  2.315450e+00  2.006270e+00  3.091799e-01 
6.440000e-01  2.298623e+00  2.006360e+00  2.922635e-01 
6.450000e-01  2.260999e+00  1.983355e+00  2.776438e-01 
6.460000e-01  2.269141e+00  1.984074e+00  2.850670e-01 
6.470000e-01  2.244405e+00  1.961059e+00  2.833456e-01 
6.480000e-01  2.226056e+00  1.899481e+00  3.265751e-01 
6.490000e-01  2.236442e+00  1.945509e+00  2.909337e-01 
6.500000e-01  2.188075e+00  1.898155e+00  2.899200e-01 
6.510000e-01  2.187445e+00  1.876104e+00  3.113410e-01 
6.520000e-01  2.164990e+00  1.851293e+00  3.136973e-01 
6.530000e-01  2.184140e+00  1.895805e+00  2.883351e-01 
6.540000e-01  2.179182e+00  1.911497e+00  2.676847e-01 
6.550000e-01  2.165401e+00  1.859246e+00  3.061549e-01 
6.560000e-01  2.182014e+00  1.884990e+00  2.970240e-01 
6.570000e-01  2.155427e+00  1.819651e+00  3.357763e-01 
6.580000e-01  2.126491e+00  1.774736e+00  3.517554e-01 
6.590000e-01  2.131280e+00  1.815872e+00  3.154074e-01 
6.600000e-01  2.103294e+00  1.785599e+00  3.176950e-01 
6.610000e-01  2.080395e+00  1.766001e+00  3.143941e-01 
6.620000e-01  2.081298e+00  1.791911e+00  2.893868e-01 
6.630000e-01  2.070280e+00  1.762094e+00  3.081860e-01 
6.640000e-01  2.098424e+00  1.755432e+00  3.429921e-01 
6.650000e-01  2.076052e+00  1.732151e+00  3.439006e-01 
6.660000e-01  2.060140e+00  1.694088e+00  3.660515e-01 
6.670000e-01  2.080486e+00  1.743294e+00  3.371918e-01 
6.680000e-01  2.060406e+00  1.727838e+00  3.325685e-01 
6.690000e-01  2.059188e+00  1.709403e+00  3.497851e-01 
6.700000e-01  2.072592e+00  1.733457e+00  3.391352e-01 
6.710000e-01  2.069983e+00  1.747554e+00  3.224290e-01 
6.720000e-01  2.106714e+00  1.748315e+00  3.583986e-01 
6.730000e-01  2.087566e+00  1.719055e+00  3.685115e-01 
6.740000e-01  2.072559e+00  1.726626e+00  3.459326e-01 
6.750000e-01  2.111905e+00  1.789999e+00  3.219059e-01 
6.760000e-01  2.138371e+00  1.802335e+00  3.360353e-01 
6.770000e-01  2.103616e+00  1.741833e+00  3.617828e-01 
6.780000e-01  2.120271e+00  1.774578e+00  3.456926e-01 
6.790000e-01  2.114651e+00  1.771643e+00  3.430085e-01 
6.800000e-01  2.111118e+00  1.726273e+00  3.848450e-01 
6.810000e-01  2.087332e+00  1.696918e+00  3.904139e-01 
6.820000e-01  2.075379e+00  1.670486e+00  4.048935e-01 
6.830000e-01  2.081937e+00  1.708755e+00  3.731814e-01 
6.840000e-01  2.086798e+00  1.693741e+00  3.930578e-01 
6.850000e-01  2.063605e+00  1.654246e+00  4.093594e-01 
6.860000e-01  2.061159e+00  1.613173e+00  4.479861e-01 
6.870000e-01  2.082634e+00  1.636816e+00  4.458185e-01 
6.880000e-01  2.101763e+00  1.650208e+00  4.515557e-01 
6.890000e-01  2.081493e+00  1.603706e+00  4.777871e-01 
6.900000e-01  2.066042e+00  1.561396e+00  5.046465e-01 
6.910000e-01  2.013031e+00  1.511210e+00  5.018215e-01 
6.920000e-01  2.043058e+00  1.571682e+00  4.713760e-01 
6.930000e-01  2.036832e+00  1.579868e+00  4.569642e-01 
6.940000e-01  2.058927e+00  1.598568e+00  4.603597e-01 
6.950000e-01  2.064653e+00  1.615110e+00  4.495427e-01 
6.960000e-01  2.094097e+00  1.605619e+00  4.884782e-01 
6.970000e-01  2.103929e+00  1.634314e+00  4.696154e-01 
6.980000e-01  2.076164e+00  1.606501e+00  4.696626e-01 
6.990000e-01  2.095162e+00  1.638455e+00  4.567074e-01 
7.000000e-01  2.081360e+00  1.605463e+00  4.758978e-01 
7.010000e-01  2.103351e+00  1.664391e+00  4.389599e-01 
7.020000e-01  2.090488e+00  1.678534e+00  4.119546e-01 
7.030000e-01  2.112218e+00  1.702666e+00  4.095521e-01 
7.040000e-01  2.112998e+00  1.692590e+00  4.204075e-01 
7.050000e-01  2.080610e+00  1.618006e+00  4.626041e-01 
7.060000e-01  2.060218e+00  1.582945e+00  4.772732e-01 
7.070000e-01  2.077809e+00  1.595082e+00  4.827270e-01 
7.080000e-01  2.093994e+00  1.607409e+00  4.865856e-01 
7.090000e-01  2.067278e+00  1.572261e+00  4.950164e-01 
7.100000e-01  2.072996e+00  1.560892e+00  5.121043e-01 
7.110000e-01  2.111806e+00  1.588389e+00  5.234173e-01 
7.120000e-01  2.097546e+00  1.593700e+00  5.038456e-01 
7.130000e-01  2.106661e+00  1.591293e+00  5.153681e-01 
7.140000e-01  2.100851e+00  1.614040e+00  4.868113e-01 
7.150000e-01  2.095400e+00  1.574055e+00  5.213451e-01 
7.160000e-01  2.098754e+00  1.575456e+00  5.232985e-01 
7.170000e-01  2.058340e+00  1.519148e+00  5.391915e-01 
7.180000e-01  2.018835e+00  1.472163e+00  5.466724e-01 
7.190000e-01  2.036699e+00  1.433658e+00  6.030416e-01 
7.200000e-01  2.059979e+00  1.440646e+00  6.193327e-01 
7.210000e-01  2.036540e+00  1.428346e+00  6.081943e-01 
7.220000e-01  2.035897e+00  1.420532e+00  6.153656e-01 
7.230000e-01  2.063031e+00  1.458767e+00  6.042637e-01 
7.240000e-01  2.046974e+00  1.435182e+00  6.117924e-01 
7.250000e-01  2.061425e+00  1.452855e+00  6.085701e-01 
7.260000e-01  2.059789e+00  1.488284e+00  5.715044e-01 
7.270000e-01  2.076928e+00  1.579865e+00  4.970629e-01 
7.280000e-01  2.043608e+00  1.539161e+00  5.044470e-01 
7.290000e-01  2.014675e+00  1.493418e+00  5.212566e-01 
7.300000e-01  2.059524e+00  1.515808e+00  5.437155e-01 
7.310000e-01  2.061875e+00  1.511504e+00  5.503710e-01 
7.320000e-01  2.099136e+00  1.526391e+00  5.727450e-01 
7.330000e-01  2.129834e+00  1.534215e+00  5.956191e-01 
7.340000e-01  2.101178e+00  1.526536e+00  5.746418e-01 
7.350000e-01  2.083107e+00  1.525269e+00  5.578381e-01 
7.360000e-01  2.061583e+00  1.478721e+00  5.828623e-01 
7.370000e-01  2.062958e+00  1.473841e+00  5.891170e-01 
7.380000e-01  2.029325e+00  1.456706e+00  5.726187e-01 
7.390000e-01  2.057020e+00  1.461620e+00  5.953996e-01 
7.400000e-01  2.020638e+00  1.416677e+00  6.039603e-01 
7.410000e-01  2.027997e+00  1.413210e+00  6.147871e-01 
7.420000e-01  2.039017e+00  1.419888e+00  6.191286e-01 
7.430000e-01  2.004400e+00  1.374826e+00  6.295740e-01 
7.440000e-01  2.007462e+00  1.414459e+00  5.930022e-01 
7.450000e-01  2.018386e+00  1.408602e+00  6.097842e-01 
7.460000e-01  2.047038e+00  1.424313e+00  6.227255e-01 
7.470000e-01  2.034152e+00  1.409253e+00  6.248990e-01 
7.480000e-01  2.054532e+00  1.413496e+00  6.410363e-01 
7.490000e-01  2.069835e+00  1.435363e+00  6.344720e-01 
7.500000e-01  2.056621e+00  1.441005e+00  6.156159e-01 
7.510000e-01  2.006505e+00  1.419501e+00  5.870041e-01 
7.520000e-01  2.032913e+00  1.462257e+00  5.706558e-01 
7.530000e-01  2.017217e+00  1.431849e+00  5.853676e-01 
7.540000e-01  2.003456e+00  1.429927e+00  5.735290e-01 
7.550000e-01  2.004377e+00  1.472303e+00  5.320732e-01 
7.560000e-01  2.033721e+00  1.497736e+00  5.359855e-01 
7.570000e-01  2.026015e+00  1.491633e+00  5.343822e-01 
7.580000e-01  2.006874e+00  1.464146e+00  5.427275e-01 
7.590000e-01  1.943512e+00  1.419328e+00  5.241838e-01 
7.600000e-01  1.919511e+00  1.450232e+00  4.692784e-01 
7.610000e-01  1.910324e+00  1.479307e+00  4.310175e-01 
7.620000e-01  1.931988e+00  1.511201e+00  4.207871e-01 
7.630000e-01  1.927402e+00  1.500215e+00  4.271873e-01 
7.640000e-01  1.989872e+00  1.550040e+00  4.398319e-01 
7.650000e-01  1.987490e+00  1.541525e+00  4.459652e-01 
7.660000e-01  1.983640e+00  1.581426e+00  4.022141e-01 
7.670000e-01  1.961243e+00  1.587339e+00  3.739035e-01 
7.680000e-01  1.963637e+00  1.583980e+00  3.796570e-01 
7.690000e-01  1.997789e+00  1.592062e+00  4.057274e-01 
7.700000e-01  1.989809e+00  1.590279e+00  3.995301e-01 
7.710000e-01  2.004531e+00  1.599172e+00  4.053590e-01 
7.720000e-01  2.003687e+00  1.591406e+00  4.122810e-01 
7.730000e-01  1.985850e+00  1.595726e+00  3.901233e-01 
7.740000e-01  1.966426e+00  1.571270e+00  3.951560e-01 
7.750000e-01  1.975624e+00  1.580157e+00  3.954673e-01 
7.760000e-01  1.959788e+00  1.585298e+00  3.744896e-01 
7.770000e-01  1.948352e+00  1.550372e+00  3.979801e-01 
7.780000e-01  1.962124e+00  1.566464e+00  3.956604e-01 
7.790000e-01  1.960302e+00  1.567486e+00  3.928155e-01 
7.800000e-01  1.967749e+00  1.626223e+00  3.415265e-01 
7.810000e-01  1.966895e+00  1.596098e+00  3.707973e-01 
7.820000e-01  1.943283e+00  1.576183e+00  3.671000e-01 
7.830000e-01  1.986380e+00  1.596167e+00  3.902137e-01 
7.840000e-01  2.026864e+00  1.658688e+00  3.681760e-01 
7.850000e-01  2.007950e+00  1.613405e+00  3.945456e-01 
7.860000e-01  1.991963e+00  1.605544e+00  3.864183e-01 
7.870000e-01  1.997103e+00  1.601608e+00  3.954948e-01 
7.880000e-01  2.017147e+00  1.610183e+00  4.069637e-01 
7.890000e-01  1.946807e+00  1.534537e+00  4.122697e-01 
7.900000e-01  1.928760e+00  1.500223e+00  4.285369e-01 
7.910000e-01  1.937078e+00  1.464892e+00  4.721853e-01 
7.920000e-01  1.914458e+00  1.458632e+00  4.558258e-01 
7.930000e-01  1.937886e+00  1.461878e+00  4.760081e-01 
7.940000e-01  1.880898e+00  1.400155e+00  4.807435e-01 
7.950000e-01  1.864267e+00  1.395451e+00  4.688169e-01 
7.960000e-01  1.834566e+00  1.328369e+00  5.061971e-01 
7.970000e-01  1.803894e+00  1.327796e+00  4.760976e-01 
7.980000e-01  1.771807e+00  1.311593e+00  4.602131e-01 
7.990000e-01  1.797602e+00  1.363277e+00  4.343251e-01 
8.000000e-01  1.801394e+00  1.356224e+00  4.451698e-01 
8.010000e-01  1.797706e+00  1.375915e+00  4.217909e-01 
8.020000e-01  1.778393e+00  1.378752e+00  3.996416e-01 
8.030000e-01  1.778409e+00  1.379896e+00  3.985126e-01 
8.040000e-01  1.798929e+00  1.416869e+00  3.820606e-01 
8.050000e-01  1.815977e+00  1.438350e+00  3.776273e-01 
8.060000e-01  1.804560e+00  1.422304e+00  3.822565e-01 
8.070000e-01  1.766469e+00  1.370161e+00  3.963081e-01 
8.080000e-01  1.740333e+00  1.341038e+00  3.992958e-01 
8.090000e-01  1.760795e+00  1.374983e+00  3.858121e-01 
8.100000e-01  1.766159e+00  1.377043e+00  3.891167e-01 
8.110000e-01  1.770933e+00  1.354188e+00  4.167452e-01 
8.120000e-01  1.770125e+00  1.351686e+00  4.184387e-01 
8.130000e-01  1.806467e+00  1.373627e+00  4.328400e-01 
8.140000e-01  1.824061e+00  1.347977e+00  4.760833e-01 
8.150000e-01  1.845797e+00  1.389661e+00  4.561365e-01 
8.160000e-01  1.902415e+00  1.459019e+00  4.433954e-01 
8.170000e-01  1.868796e+00  1.412137e+00  4.566587e-01 
8.180000e-01  1.850516e+00  1.399754e+00  4.507612e-01 
8.190000e-01  1.838488e+00  1.381973e+00  4.565154e-01 
8.200000e-01  1.830192e+00  1.337510e+00  4.926818e-01 
8.210000e-01  1.845804e+00  1.410993e+00  4.348107e-01 
8.220000e-01  1.841532e+00  1.406886e+00  4.346457e-01 
8.230000e-01  1.848827e+00  1.437302e+00  4.115257e-01 
8.240000e-01  1.842538e+00  1.434857e+00  4.076806e-01 
8.250000e-01  1.870036e+00  1.408754e+00  4.612818e-01 
8.260000e-01  1.846707e+00  1.406717e+00  4.399899e-01 
8.270000e-01  1.863315e+00  1.443272e+00  4.200434e-01 
8.280000e-01  1.847136e+00  1.376698e+00  4.704382e-01 
8.290000e-01  1.803524e+00  1.338362e+00  4.651625e-01 
8.300000e-01  1.779376e+00  1.314865e+00  4.645113e-01 
8.310000e-01  1.753890e+00  1.272424e+00  4.814660e-01 
8.320000e-01  1.765257e+00  1.287642e+00  4.776146e-01 
8.330000e-01  1.778358e+00  1.253218e+00  5.251402e-01 
8.340000e-01  1.825870e+00  1.281284e+00  5.445864e-01 
8.350000e-01  1.789978e+00  1.243288e+00  5.466900e-01 
8.360000e-01  1.756925e+00  1.204360e+00  5.525654e-01 
8.370000e-01  1.790985e+00  1.233496e+00  5.574897e-01 
8.380000e-01  1.744653e+00  1.197156e+00  5.474977e-01 
8.390000e-01  1.743273e+00  1.200112e+00  5.431611e-01 
8.400000e-01  1.738100e+00  1.216205e+00  5.218950e-01 
8.410000e-01  1.716540e+00  1.192826e+00  5.237146e-01 
8.420000e-01  1.703648e+00  1.164879e+00  5.387689e-01 
8.430000e-01  1.754750e+00  1.210462e+00  5.442881e-01 
8.440000e-01  1.712180e+00  1.180638e+00  5.315415e-01 
8.450000e-01  1.720497e+00  1.180560e+00  5.399364e-01 
8.460000e-01  1.765569e+00  1.203378e+00  5.621909e-01 
8.470000e-01  1.786999e+00  1.225883e+00  5.611164e-01 
8.480000e-01  1.826566e+00  1.252516e+00  5.740503e-01 
8.490000e-01  1.768768e+00  1.192640e+00  5.761276e-01 
8.500000e-01  1.760500e+00  1.186835e+00  5.736656e-01 
8.510000e-01  1.750262e+00  1.177672e+00  5.725901e-01 
8.520000e-01  1.730389e+00  1.144962e+00  5.854273e-01 
8.530000e-01  1.749538e+00  1.133716e+00  6.158220e-01 
8.540000e-01  1.738864e+00  1.112353e+00  6.265104e-01 
8.550000e-01  1.758144e+00  1.120847e+00  6.372968e-01 
8.560000e-01  1.734244e+00  1.091290e+00  6.429534e-01 
8.570000e-01  1.717065e+00  1.083047e+00  6.340183e-01 
8.580000e-01  1.723681e+00  1.062305e+00  6.613765e-01 
8.590000e-01  1.724325e+00  1.071583e+00  6.527419e-01 
8.600000e-01  1.799449e+00  1.133883e+00  6.655660e-01 
8.610000e-01  1.806659e+00  1.143229e+00  6.634299e-01 
8.620000e-01  1.801468e+00  1.159094e+00  6.423745e-01 
8.630000e-01  1.799413e+00  1.163777e+00  6.356359e-01 
8.640000e-01  1.819514e+00  1.208131e+00  6.113831e-01 
8.650000e-01  1.834546e+00  1.202780e+00  6.317653e-01 
8.660000e-01  1.855970e+00  1.199454e+00  6.565159e-01 
8.670000e-01  1.851824e+00  1.192308e+00  6.595163e-01 
8.680000e-01  1.871871e+00  1.231272e+00  6.405991e-01 
8.690000e-01  1.909320e+00  1.262406e+00  6.469147e-01 
8.700000e-01  1.909179e+00  1.244523e+00  6.646558e-01 
8.710000e-01  1.884404e+00  1.252277e+00  6.321275e-01 
8.720000e-01  1.919580e+00  1.268899e+00  6.506809e-01 
8.730000e-01  1.907916e+00  1.293901e+00  6.140147e-01 
8.740000e-01  1.914294e+00  1.308005e+00  6.062895e-01 
8.750000e-01  1.911653e+00  1.296218e+00  6.154343e-01 
8.760000e-01  1.930867e+00  1.299173e+00  6.316941e-01 
8.770000e-01  1.916342e+00  1.288374e+00  6.279682e-01 
8.780000e-01  1.928123e+00  1.346598e+00  5.815245e-01 
8.790000e-01  1.911159e+00  1.312224e+00  5.989356e-01 
8.800000e-01  1.937214e+00  1.335098e+00  6.021152e-01 
8.810000e-01  1.948901e+00  1.375403e+00  5.734983e-01 
8.820000e-01  1.968127e+00  1.401254e+00  5.668731e-01 
8.830000e-01  1.972094e+00  1.410933e+00  5.611610e-01 
8.840000e-01  1.982560e+00  1.418134e+00  5.644266e-01 
8.850000e-01  1.926621e+00  1.412524e+00  5.140964e-01 
8.860000e-01  1.933400e+00  1.442916e+00  4.904838e-01 
8.870000e-01  1.951516e+00  1.430049e+00  5.214673e-01 
8.880000e-01  1.999867e+00  1.473632e+00  5.262350e-01 
8.890000e-01  1.994869e+00  1.476506e+00  5.183635e-01 
8.900000e-01  1.966362e+00  1.411002e+00  5.553596e-01 
8.910000e-01  1.934502e+00  1.384141e+00  5.503614e-01 
8.920000e-01  1.929579e+00  1.399706e+00  5.298735e-01 
8.930000e-01  1.916122e+00  1.411133e+00  5.049892e-01 
8.940000e-01  1.901168e+00  1.378103e+00  5.230649e-01 
8.950000e-01  1.924844e+00  1.391844e+00  5.330000e-01 
8.960000e-01  1.979076e+00  1.436826e+00  5.422501e-01 
8.970000e-01  2.005507e+00  1.521025e+00  4.844818e-01 
8.980000e-01  2.030103e+00  1.528965e+00  5.011380e-01 
8.990000e-01  2.042932e+00  1.501984e+00  5.409479e-01 
9.000000e-01  2.023224e+00  1.501470e+00  5.217546e-01 
9.010000e-01  1.982325e+00  1.476800e+00  5.055250e-01 
9.020000e-01  2.004927e+00  1.508730e+00  4.961966e-01 
9.030000e-01  1.953634e+00  1.428747e+00  5.248868e-01 
9.040000e-01  1.922044e+00  1.407350e+00  5.146939e-01 
9.050000e-01  1.921643e+00  1.404505e+00  5.171382e-01 
9.060000e-01  1.926948e+00  1.415408e+00  5.115398e-01 
9.070000e-01  1.964970e+00  1.492032e+00  4.729381e-01 
9.080000e-01  1.967162e+00  1.490171e+00  4.769912e-01 
9.090000e-01  1.935973e+00  1.436338e+00  4.996349e-01 
9.100000e-01  1.944608e+00  1.432823e+00  5.117855e-01 
9.110000e-01  1.904835e+00  1.416861e+00  4.879741e-01 
9.120000e-01  1.919495e+00  1.456423e+00  4.630722e-01 
9.130000e-01  1.904213e+00  1.436409e+00  4.678042e-01 
9.140000e-01  1.901511e+00  1.445450e+00  4.560615e-01 
9.150000e-01  1.874849e+00  1.391312e+00  4.835373e-01 
9.160000e-01  1.889018e+00  1.398969e+00  4.900489e-01 
9.170000e-01  1.912212e+00  1.423610e+00  4.886020e-01 
9.180000e-01  1.918888e+00  1.446950e+00  4.719378e-01 
9.190000e-01  1.919218e+00  1.439741e+00  4.794770e-01 
9.200000e-01  1.903780e+00  1.410305e+00  4.934750e-01 
9.210000e-01  1.909006e+00  1.388512e+00  5.204940e-01 
9.220000e-01  1.938731e+00  1.400317e+00  5.384143e-01 
9.230000e-01  1.929165e+00  1.414476e+00  5.146896e-01 
9.240000e-01  1.921832e+00  1.378311e+00  5.435203e-01 
9.250000e-01  1.890357e+00  1.332865e+00  5.574924e-01 
9.260000e-01  1.872883e+00  1.317702e+00  5.551812e-01 
9.270000e-01  1.882948e+00  1.295287e+00  5.876615e-01 
9.280000e-01  1.906813e+00  1.304687e+00  6.021258e-01 
9.290000e-01  1.920775e+00  1.329940e+00  5.908347e-01 
9.300000e-01  1.905272e+00  1.308941e+00  5.963307e-01 
9.310000e-01  1.942091e+00  1.329704e+00  6.123877e-01 
9.320000e-01  1.909880e+00  1.341181e+00  5.686986e-01 
9.330000e-01  1.885167e+00  1.319527e+00  5.656405e-01 
9.340000e-01  1.888609e+00  1.286525e+00  6.020846e-01 
9.350000e-01  1.864503e+00  1.251072e+00  6.134318e-01 
9.360000e-01  1.880133e+00  1.251778e+00  6.283550e-01 
9.370000e-01  1.898184e+00  1.280153e+00  6.180315e-01 
9.380000e-01  1.900903e+00  1.308790e+00  5.921131e-01 
9.390000e-01  1.890463e+00  1.287665e+00  6.027985e-01 
9.400000e-01  1.910309e+00  1.306816e+00  6.034924e-01 
9.410000e-01  1.909070e+00  1.310740e+00  5.983299e-01 
9.420000e-01  1.947595e+00  1.331843e+00  6.157517e-01 
9.430000e-01  2.005443e+00  1.383231e+00  6.222126e-01 
9.440000e-01  2.071561e+00  1.445278e+00  6.262822e-01 
9.450000e-01  2.058049e+00  1.433172e+00  6.248770e-01 
9.460000e-01  2.031951e+00  1.400659e+00  6.312919e-01 
9.470000e-01  2.048141e+00  1.417618e+00  6.305229e-01 
9.480000e-01  2.040850e+00  1.400469e+00  6.403813e-01 
9.490000e-01  2.038161e+00  1.404007e+00  6.341538e-01 
9.500000e-01  2.072138e+00  1.456297e+00  6.158411e-01 
9.510000e-01  2.066602e+00  1.460421e+00  6.061812e-01 
9.520000e-01  2.081235e+00  1.477775e+00  6.034602e-01 
9.530000e-01  2.045652e+00  1.433535e+00  6.121172e-01 
9.540000e-01  2.028481e+00  1.394405e+00  6.340760e-01 
9.550000e-01  2.061867e+00  1.401054e+00  6.608126e-01 
9.560000e-01  2.091870e+00  1.409946e+00  6.819249e-01 
9.570000e-01  2.075568e+00  1.349541e+00  7.260270e-01 
9.580000e-01  2.089642e+00  1.377573e+00  7.120687e-01 
9.590000e-01  2.059079e+00  1.365569e+00  6.935100e-01 
9.600000e-01  2.094790e+00  1.359127e+00  7.356632e-01 
9.610000e-01  2.050193e+00  1.317468e+00  7.327248e-01 
9.620000e-01  2.079244e+00  1.360028e+00  7.192156e-01 
9.630000e-01  2.104966e+00  1.426542e+00  6.784243e-01 
9.640000e-01  2.097396e+00  1.413973e+00  6.834229e-01 
9.650000e-01  2.099455e+00  1.408429e+00  6.910265e-01 
9.660000e-01  2.108449e+00  1.437437e+00  6.710119e-01 
9.670000e-01  2.079799e+00  1.367400e+00  7.123988e-01 
9.680000e-01  2.053046e+00  1.342951e+00  7.100948e-01 
9.690000e-01  2.047288e+00  1.308287e+00  7.390011e-01 
9.700000e-01  2.045265e+00  1.280027e+00  7.652374e-01 
9.710000e-01  2.068324e+00  1.317977e+00  7.503464e-01 
9.720000e-01  2.065449e+00  1.294533e+00  7.709162e-01 
9.730000e-01  2.085895e+00  1.368759e+00  7.171355e-01 
9.740000e-01  2.099488e+00  1.378610e+00  7.208775e-01 
9.750000e-01  2.122130e+00  1.378239e+00  7.438909e-01 
9.760000e-01  2.111371e+00  1.326994e+00  7.843777e-01 
9.770000e-01  2.101141e+00  1.329456e+00  7.716855e-01 
9.780000e-01  2.122289e+00  1.343314e+00  7.789748e-01 
9.790000e-01  2.122675e+00  1.380327e+00  7.423475e-01 
9.800000e-01  2.107942e+00  1.386606e+00  7.213368e-01 
9.810000e-01  2.077815e+00  1.374717e+00  7.030978e-01 
9.820000e-01  2.103915e+00  1.444093e+00  6.598215e-01 
9.830000e-01  2.102380e+00  1.422035e+00  6.803451e-01 
9.840000e-01  2.127984e+00  1.421662e+00  7.063218e-01 
9.850000e-01  2.137702e+00  1.460470e+00  6.772322e-01 
9.860000e-01  2.139837e+00  1.471662e+00  6.681756e-01 
9.870000e-01  2.149123e+00  1.432489e+00  7.166345e-01 
9.880000e-01  2.150797e+00  1.439851e+00  7.109466e-01 
9.890000e-01  2.166992e+00  1.484630e+00  6.823615e-01 
9.900000e-01  2.154766e+00  1.490402e+00  6.643642e-01 
9.910000e-01  2.122642e+00  1.435520e+00  6.871225e-01 
9.920000e-01  2.140656e+00  1.467607e+00  6.730492e-01 
9.930000e-01  2.160278e+00  1.511015e+00  6.492631e-01 
9.940000e-01  2.152119e+00  1.504799e+00  6.473197e-01 
9.950000e-01  2.144267e+00  1.492620e+00  6.516467e-01 
9.960000e-01  2.158562e+00  1.516927e+00  6.416354e-01 
9.970000e-01  2.130216e+00  1.469585e+00  6.606313e-01 
9.980000e-01  2.112501e+00  1.441427e+00  6.710745e-01 
9.990000e-01  2.088237e+00  1.421730e+00  6.665073e-01 
